17.849639917695455
17.927407407407394
17.854460519547317
17.906666666666652
17.92740740740739
17.75525936758135
17.795801938657387
17.721606180508847
17.71870003504011
17.81752604166666
17.899241898148137
17.89850115740738
17.80047618045459
17.677226388407604
17.769911793703947
17.73866491540199
17.71858054834986
17.803482783564803
17.645559487777113
17.616995137391697
17.640392902975393
17.733559404718118
17.769104580359016
17.620546784919096
17.685894752720078
17.882541152263364
17.639555935933963
17.784466244268813
17.828960905349764
17.65763560894236
17.652201349027152
17.82286749684341
17.874053497942363
17.690969994914127
17.73910475867594
17.74607476731736
17.73289863266896
17.84606481481479
17.626328870454568
17.799623183066608
17.76972120554665
17.89882661307546
17.667352508712213
17.775263680294252
17.735420750324636
17.78376787749603
17.757658895943866
17.637510196331657
17.70719740082378
17.68629076698631
17.5759265119253
17.72552116646532
17.596004829462
17.723399218087753
17.715747951866003
17.729795989214537
17.53752838310476
17.859241898148117
17.50010223789263
11.513288556224017
17.816438078703694
17.794604375196187
-0.01463691849011757
17.68233892233746
17.879936342592586
17.819487147201787
17.8393292824963
17.81831224627839
17.679711199263462
17.779959666556376
17.524432504458407
17.90491262719644
17.763182328933524
17.650235551164666
17.657543658562368
17.688657579610137
17.81759920264284
-0.01577386463794775
17.754185153904118
17.586353037815627
17.674423455082568
17.66234132284142
17.522489435961337
17.650152408753748
17.55985694286495
17.87435249485595
17.552076422447588
17.761230906785414
17.527229274973443
6.785837436437055
17.755982294326426
17.760891605651324
16.07378495579637
17.505487662200984
17.740963572801753
17.747403032699477
17.70941549253557
17.69666176293134
-0.004207310282188226
2.7829898052414412
17.748990089344826
17.525023851930385
17.702250292144164
17.500428520351967
10.849668212669346
17.701776293904427
17.708722456078043
-0.017081536966493956
17.594484672038604
17.70449735266459
17.886187674070683
17.84216772911189
17.70307986447216
17.792028808664018
17.676813018204783
17.557028784093525
17.537102002964033
17.72956370945348
17.688021534534542
17.68539464770786
17.786205044669824
17.774591020293983
17.832234780794032
17.79291427671833
17.714812827595136
17.645845310060448
17.633310179268882
17.66896105515606
17.649094324100894
17.510909142201818
17.63765861276016
17.617492487800792
17.688387276400377
17.601075629420706
17.631654277500953
17.72761009270503
17.62658433497653
17.656168615832595
17.700793959038727
17.75693540864431
17.648555498728783
17.68924996348096
17.704986481864676
17.72011216981177
17.72636981181229
17.75459641138572
17.70896766879451
17.733629300339647
17.677442144136702
17.674834736394946
17.77396836836852
17.73130320209255
17.661657990023297
17.740106645281255
17.765279880372958
17.736525185248375
17.823045251395172
17.820411673603985
17.682314233386194
17.6957872489945
17.64795918830081
17.69734655814692
17.744291877210102
17.618955978697844
17.674663574499817
17.760639739407672
17.79981630685653
17.715896824043888
17.6515813069817
17.721181483927456
17.589136022544878
17.72150257725264
17.70232835167192
17.777787487672764
17.738731967344247
17.63271417490195
17.67228475599569
17.71357916407336
17.67378331960754
17.627574710358072
17.6054836218245
17.598065012798667
17.603220256710337
17.572983894102563
17.672533495115868
17.62101037991734
17.648295707623827
17.57300042429099
17.51885730211825
17.68930839217232
17.691638645550622
17.692499333229655
17.654980010128902
17.699916193802064
17.706697639986032
17.599119071535096
17.570286062479656
17.58840610398949
17.612880970291634
17.697986284714485
17.668501287476598
17.61257556925948
17.55906669906287
17.55963045517631
17.568068803451528
17.58105478519009
17.53328037795407
17.626787476476924
17.550338482725103
17.54696925044966
17.50006482526019
11.118644881132699
14.860171610257156
17.504166050222153
17.548551417161203
17.515827320457618
17.572336958643255
17.563282521992292
17.5234176383702
17.51855317095136
17.51503669646625
17.594050086984048
17.64265079746495
17.64333765185571
17.66313512555533
17.61773259796334
17.580263176062427
17.602331277678264
17.656602870918345
17.616693011132302
17.63447730033757
17.62754949481474
17.5956296060464
17.589786607812698
17.544198242376172
17.541843041032312
17.603597808211614
17.575822627223545
17.59360472494242
17.577817824554447
17.5763840703221
17.634897463919113
17.58643857081125
17.603002935096807
17.553295630231567
17.74464827463391
17.61734449874647
17.64902077378588
17.562905871615467
17.590086663252055
15.383372075102944
17.504814205708083
17.609549792767215
17.605683930593752
17.61878716625107
17.573573013326655
17.546397981744487
17.569270718285857
17.712511908975735
17.528631296855
17.62473503805312
17.59412340068297
17.627158671625608
17.555548994544182
17.561237750045137
17.679052777357658
17.694353606298844
17.60384858896064
17.678945253221816
17.60209679742691
17.63510833342402
17.65305935541537
17.66918702686267
17.672398082494894
17.68839290321956
17.684280239306702
17.701977679237306
17.660482601365043
17.71837324355229
17.665763929285454
17.707378109344365
17.67749267229431
17.647168644024184
17.646455364189713
17.66125795981925
17.67917622427682
17.64247093472264
17.632434951325187
17.659598580581893
17.72949817218146
17.607353440671062
17.62041504722781
17.62615082363631
17.682312860854818
17.614216000283328
17.66125936080391
17.571734799146522
17.581117680880446
17.716134931768877
17.741465598575182
17.651629242333456
17.69603591261954
17.697758097806773
17.723749641911162
17.71881444214127
17.693528296198373
17.761736134586133
17.725626648436446
17.72446486713848
17.699562152866573
17.681462377331144
17.702807404587045
17.70219778232486
17.642316030204
17.66661170747233
17.6945482203226
17.66430382563629
17.712469231455835
17.700911285181125
17.705007702748194
17.742404019480972
17.682050131805422
17.648158472755785
17.638725818768332
17.67621378963915
17.594854934683042
17.60614584533073
17.62712683732713
17.694688492882346
17.673673086264138
17.787135715167516
17.801311662367613
17.653901963707458
17.63101764624136
17.532641852913887
17.55735495841881
17.56863225207903
17.697986284714474
17.593107943354894
17.555542650363282
17.57298103458186
17.610820841264754
17.58031589411456
17.619573188912153
17.592353360476736
17.537650829959393
17.66494291954872
17.631498877828747
17.82505695675356
17.72561687057271
17.75562195186218
17.726072951697198
17.695815650896268
17.709875576640393
17.665394391641325
17.68754401768551
17.689091070077676
17.687523752619022
17.632379426233843
17.64187227314979
17.62571298093327
17.657131894712748
17.595250628235085
17.61588745544606
17.649952146649515
17.59619479413225
17.581044608339678
17.6318849612924
17.612445560492656
17.525646113267644
17.524759583471045
15.258815064915384
17.504251905853817
17.518406369853338
16.423429813681498
17.50625895269655
17.68611682100596
17.51371096637558
17.54322218505221
17.598439070662273
17.57947705554371
17.55809351976429
17.574068594502833
17.543269985452394
17.556491698477654
17.501152000557607
10.338646870733601
17.53416138575578
-0.005964328212255494
17.726460546781645
17.680098575423592
17.739319148989765
17.651832620404036
17.689052177592817
17.711881618301696
17.794481683308202
17.619300748283024
17.65204997362062
17.72225771332168
17.769573416577188
17.61279957526632
17.647913988646025
17.57664801520903
17.561062897204856
17.619664783416596
17.701623335092428
17.634131646900254
17.562881716385878
-0.010977158387200585
17.688129615805988
17.602928555045622
17.597005214423117
17.54109658530394
17.642798685307863
17.61725335302176
17.635945044966014
17.63612145099462
17.671063169573156
17.634793124817683
17.69517340366052
17.604311241677923
17.664438682136602
17.538449756609072
17.55842245497838
17.619047529790517
17.62354135990382
17.588053548615644
17.699222124021578
17.629155674438078
17.674477163105845
17.733757135013285
17.695571111976676
17.701227033318553
17.66604780011945
17.710670061534415
17.849422032449013
17.67325269074241
17.710861927350432
17.742123115478545
17.749074325547312
17.83156889371463
17.726127330253785
17.72096841570717
17.76192982813895
17.6812969595869
17.765641223718678
17.79272306700499
17.822242315183495
17.822292110015688
17.780698843848388
17.899614516515406
17.80997616399362
17.66054312202497
17.703874248144146
17.60156240562177
17.664929570706096
17.680210427191927
17.661634593925655
17.66518538863528
17.623222567781717
17.644382052829222
17.622245920511713
17.628262634556695
17.59917489068182
16.378797876718007
17.503297352052847
17.61502901174196
17.590671594655284
17.669556562470927
17.686423333134474
17.52403170302134
17.580752544912812
17.60922208568952
17.583928909795368
17.59160565067029
17.563511426974756
17.519893762879143
17.531313225894152
17.559427006977014
17.530819087321795
17.539656107151064
17.54196400179863
17.557834631488806
17.508880996422157
17.506277265341097
17.56975139668912
17.535959529667835
16.285840152177023
17.503890747499348
17.58286706333769
17.555917445134977
14.83400799486801
17.50157581133059
8.284626144783644
17.519620386180836
17.51326140453439
17.625368702066858
-0.0073860310483826385
17.52049221800444
11.573429365112725
17.503210967106234
17.527609386932898
-0.020100731880720337
-0.0002421448571602238
4.513503465601794
17.50010275069563
10.11312881803276
-0.0067358108789391255
17.545134713761076
-0.00023023870748650944
4.037459802544288
1.7465463710007847
-0.0020909800758378712
1.631056359119045
0.0008132943714963813
-0.0028430998271287166
1.212900550183807
17.518225416190923
17.500622710073024
10.731477794358543
1.0200048898062095
-0.002615700471028195
-0.007266008908447561
1.256495864811435
-0.004470828600450961
3.2760974465105144
-0.0006716863595874189
-0.012326495598160925
-0.009470391410086374
1.3058618354924632
-0.0012229289984170728
17.501064355065942
13.573406001546683
-0.01919579608023032
17.505767039073326
16.324375483235656
-0.011253371026147674
-0.014875681625563958
-0.01375041927199114
-0.015965230609579127
-0.017316306266993025
16.837529060343034
17.507255415636436
11.742922189607503
17.52755733826708
-0.009117428134777839
-0.0186944142595314
17.60725166976579
17.65394438506826
-0.016114518557621815
-0.02194631764698804
-0.013055916298955375
-0.010802859623272031
17.53412330294147
17.51212782116567
-0.007904111481013845
-0.01164991579024967
-0.01188631180519497
-0.0005800300112753233
5.4978112431533726
-0.012759110551949313
-0.01861207145027093
-0.020455232166773973
17.56845524560248
17.621341902143687
17.598926996791572
17.611727742980637
17.576497639886508
17.59825595325951
17.56865461754294
17.604703686350714
17.575378424225732
17.57568071176421
17.530824830543224
17.553302616097934
17.56938847396898
17.54056787597804
17.542532492825934
17.55087679029037
17.538976661940755
17.51211360810846
17.530215492534744
17.571259073914852
17.5030386316464
13.154731931440585
17.51480007605398
17.50865782830469
17.549633057368283
17.530694581430673
17.565996677742305
17.564587491814553
17.522113043302834
17.54066206995641
17.510301548549407
17.52540798390367
17.511412423305366
17.50225985774792
11.95801201689475
-0.0008161228845159951
4.431115663392137
-0.009867012891530124
17.503423855886
15.366471498175565
16.82298866436911
17.506541173794776
17.52566954702632
17.515555896789465
17.52657538246457
17.532951168122654
17.550361547460543
17.53128357918432
17.514949943798886
6.537112951960767
-0.009056255162067125
17.524078022208304
17.515229232663376
17.514286623326118
10.21142602500206
16.33243214904158
17.50611625535949
-0.011916285656108963
17.5547213081349
17.52749297433441
17.533052685342582
17.5298868621522
17.547614947941806
6.455958057318515
-0.00457559217847403
0.8591968483359169
17.57338046097065
17.55135336042761
17.546786060743656
17.573692572804386
17.577405962470436
17.582287140915227
17.632758437550958
17.60276452065263
17.664329610959488
17.70618341455857
17.643606827243513
17.64548593684174
17.674462355138264
17.658697579348033
17.661882810297776
17.68790933613747
17.67467063366561
17.716226608575234
17.607473594834758
17.73230935340091
17.786277821540295
17.79972433601313
17.81462726779357
17.773817108001474
17.69994810951568
17.651651211353816
17.70829379213579
17.69809677192898
17.66785815707713
17.650724938734385
17.658805826295904
17.671770567850324
17.642181564402314
17.68314688170316
16.205439045093378
17.501569106445263
17.67169318472187
17.627582824980315
17.72167214613356
17.70167864604943
17.658874632748347
17.55861577747144
17.645901761988075
17.63509488705695
17.623268792192246
17.61507281222814
17.50970507951369
17.51430642813571
-0.011035353920207797
17.50225031745859
13.044598346738411
11.111304742760453
17.50113006418878
3.5493058680641645
-0.0006941593768962028
-0.02161591737811882
-0.013474487742129953
-0.0008107469472305006
4.785998391748665
1.736491019364544
-0.0022637900313123363
-0.0070822121685063825
1.4301513605333156
-0.004415748856722545
-0.015413820413359184
-0.019570746779802438
1.1699894760827427
-0.0037268685145416653
17.50145990205705
15.393901174291496
-0.01913680037277732
1.4220385805309104
-0.0033267540993178637
-0.018175058840544586
-0.013285163888627494
-0.020117887834539903
-0.021939197324421043
-0.019222252232508896
0.8465795299979757
-0.0040056625621424915
-0.019609637145744877
-0.021927988604340896
-0.021834023895001484
-0.018810114636063
-0.016075788680996527
-0.004199370146068591
1.1078421957653333
-0.009347283655363654
17.624810875688883
-0.02161609517778984
-0.021850366868812816
-0.02195702180880346
-0.019055518506676528
-0.016365288219176648
-0.01572524768788641
-0.02027032364907918
17.626658850906075
-0.013166111361664207
-0.012349977571362513
-0.014053211539254234
-0.00903083688212935
-0.010013858754692448
17.505910875039923
15.889946724420405
11.108721068653056
17.500900903471035
-0.006976227986046333
-0.013649416303746184
2.796771115698162
-0.004577681029024512
3.8280855740907738
-0.001833592659945081
17.69516443017267
9.288237634661431
17.5010640778385
11.821091658375272
2.359332717735852
-0.0028771588543427635
17.529198702602738
-0.0038823933780120726
2.41349712123632
3.5816408735472582
-0.0005042835482730807
17.525196496375234
17.64496797506057
8.712510861161343
5.5316683911452165
16.5283725935181
17.505467626641032
17.520896989507243
17.512943859404412
-0.0033987334946421603
1.7359913579333461
17.503909880033305
16.502886722956852
14.997605527591091
17.502924104003522
15.425511583150135
17.502784864663184
17.652262103613694
14.25520543458035
17.501401497917957
17.51911915993028
17.56486757151671
17.533455832776397
-0.01689072726003863
-0.020684099228603745
-0.019920644611431365
-0.018840592038877023
17.523465264281672
17.617103121331155
17.50746871442834
-0.001643172209931794
1.4319847518340691
17.525354373430996
10.452658665034143
17.505897642016286
16.283764355789145
-0.005298852460212628
17.536059456580283
17.545897693957034
17.511751916798577
15.991014380746973
17.504316613950177
11.624016338011419
17.50107668048058
17.512056000745385
17.51793735721521
17.527091894151322
17.514166622097008
17.53517062302898
17.545779135430884
17.588620349163286
17.538576013389424
17.65598433722005
17.557155980955248
17.574671762686968
17.54674182558116
17.568640149044466
17.628448698886213
17.719944548887945
17.58085398329365
17.607771831929597
17.60131373170814
17.596555201430537
17.57253625618344
17.583358859275634
17.582819400934966
17.676626048462477
17.62913063845031
17.633848057455694
17.670374298887076
17.66922742378068
17.58776165900069
17.565962908005094
17.59196339593806
17.592952667066665
17.602904826129446
17.592643495570034
17.72699957503163
17.749475634654683
17.744341088261255
17.724119168161334
17.787894120040683
17.747039706609694
17.86297043061867
17.787866181282755
17.87242280801597
17.83052586866407
17.694300980212336
17.70079571048736
17.71267201205596
17.749085469153513
17.69860443789768
17.716829586716393
17.73949289484606
17.66835846683546
17.700756844657928
17.60403376952385
17.70036702533162
17.64995517766955
17.683709999732127
17.67003941379524
17.667802141309124
17.63616450118859
17.699494322121183
17.661094478341674
17.720342822372935
17.52701372108382
17.655969291997053
17.629194686032154
17.737087938144924
17.613800086532653
17.690231892246338
17.632277163644915
17.71724946388621
17.666073974110297
17.696125749331422
17.68375112907827
17.71661219342525
17.752783314384903
17.772122682635395
17.645329764772193
14.972546397122755
17.50152776921579
-0.000533008831547004
5.488071002278224
7.830655789896494
10.036423481794913
-0.001754259025596547
2.3026389347093454
-0.0017730145538108347
2.00152643334106
-0.013718690945383936
-0.010172341009146508
-0.020538834167426603
-0.019387615333361526
-0.008493726309655792
12.77273166735541
17.50033633397704
-0.01708214647685054
-0.015339123000061888
-0.016229072881992893
-0.004892884749023866
-0.014459549956579594
-0.012427395268378579
-0.001178535477675296
1.9393939583744662
17.53901776360703
0.6335497024893046
-0.0055188535299110966
17.52256704448322
-0.004320912516698134
1.1419619672506445
1.4252738289914169
-0.0032138394101501253
17.50970504176467
17.56806660351681
-0.014148706990331444
-0.009333862383790373
-0.007070323270160365
5.126155008418128
-0.0005101883742655476
-0.00041348389489227587
1.3995708462995433
9.24113729488305
14.644315678672688
17.50231519415243
15.9657871601675
17.503167802393758
17.53181730061064
17.51365067785499
17.544504479341892
17.57267444073742
17.550754984541108
17.531480654459717
17.57420305921048
17.547057830587857
17.543308633201896
17.564874466910513
17.589389378322146
17.608340168423503
17.581942801589168
17.60075513762532
17.594757647659886
17.593824417282576
17.573719916841004
17.550986888798228
17.582134554101312
17.553765017817472
17.59399462853124
17.579098859342874
17.544784051568612
11.09304086781545
17.56337752014466
17.53109815217862
-0.004429645098500916
5.474867557598603
-0.0004916840493718758
15.402747267183985
17.502069333015832
-0.0005040112316614015
5.4153953864413165
17.522140728199535
-0.007311102195599892
6.814426787663126
17.50416267930448
16.172386090042753
-0.0012584464272845897
1.911352602060984
-0.002599007141541077
1.0075621852305892
17.51005933454805
17.500064973382823
8.329158768787709
17.53954196838619
17.519166309428275
17.64574721069804
17.504075069755554
14.737458363710898
17.546616708475845
17.520972572289903
17.56627864552655
17.602182069661573
17.526181051816828
-0.0017396643206716946
0.708077147242285
17.52434850755065
17.101968714610337
17.505623070568973
15.615130704473662
17.504497591948084
17.516965581919848
17.65085924340792
17.63692346869934
17.648348786257117
17.69326866456406
17.695105110703306
17.659458014437075
17.662389093335673
17.696803358047067
17.64133753594409
17.633609313797596
17.748922678692043
17.69939726773439
17.613206927589435
17.681533556454422
17.682636855490404
17.71565891264026
17.60175133780883
17.733954907425073
17.55052099457376
17.592378525280957
17.683298257768797
17.671863878355378
17.712643413295606
17.64092107705474
17.65918358642955
17.609582920387687
17.704406806490486
17.60286276807814
17.577315537749406
17.53092010816533
17.617455246269195
17.601782927809374
17.622632744986067
17.593988309357837
17.584727005690205
17.702361390355975
17.578846503627734
17.56844917566771
17.607612713965757
17.67316622540548
17.549019353849765
17.519271863149473
17.694910585381706
17.64171821167294
17.659697558778294
17.700500793426233
17.554279953320464
17.560612642026932
17.549195472060948
17.52882866202006
17.554555522023477
17.69989071303984
17.538067271486184
17.530683770594734
17.529272044434503
17.676203754775305
17.70828603503948
17.678666754938593
17.733468516228
17.714827486298788
17.732208338517534
17.774575759522197
17.772171274996797
17.737711559065794
17.785535319129878
17.81589003817313
17.75200521988711
17.742027385513072
17.518076381991186
17.550708970986207
7.756558788899215
17.5062340243221
16.212871328148843
17.544961386501132
17.571130660350597
17.587745179526745
17.59310748166952
17.589021764720904
17.634977279798953
17.628641003746417
17.56145979452196
17.59961567211196
17.612805237807777
17.619506284575746
17.64036805525702
17.593374101687445
17.575117182034322
17.60622093057895
17.58728159817493
17.60987541401008
17.577505308991782
17.814518213178864
17.840874926902547
17.712247960019997
17.78927331269966
17.87082328379476
17.787291213354244
17.877477213276865
17.84054634256822
17.856358597082327
17.746324140454103
17.72435103369845
17.938148148148166
17.882834633323874
17.85297460652508
17.80993783143654
17.794451147410665
17.81858614402126
17.74904746292554
17.76616410525166
17.652312498732222
17.711597079794917
17.707318561285277
17.69042991785105
17.722457558335403
17.688111661838146
17.851134417096148
17.802730895271946
17.83622676598738
17.72312343169464
17.658928162146278
17.634023388573155
17.660563116807793
17.630428358748073
17.73327605061124
17.672502649072282
17.60479887260129
17.576264832913463
17.623670743589724
17.597364943857812
17.61475154619832
17.61012304016797
17.640260938351123
17.54886365571251
17.599354265005843
17.581792719409865
17.590406703723094
17.270934286541596
17.50853832976995
17.634440784939144
17.603043450312978
17.56047952083593
17.522030089230473
15.889950281977168
17.50176998931846
17.249993996724125
17.5065640930004
17.506560933962987
15.494700250220662
17.541417275007102
17.506089743301384
16.101347247679268
17.545771818323264
10.761251337207813
17.535040234608545
17.2713536710671
17.511993970582186
17.501802922160866
14.867636709292515
-0.003000507331806946
1.3257805778298521
6.032455857558349
17.61228673685974
17.578804880145388
17.53362048825403
17.623115855660647
17.558882540281214
17.501452976145366
13.445264414415403
-0.009181276199227546
4.598901684540962
6.17750968662576
8.732358078967021
8.11877181815113
17.502620773457373
14.284533101961273
17.517033852792068
17.540701139982943
17.582679103413064
17.642979153077007
17.507618290881954
-0.001885732463705191
6.401552268890189
1.9772364743777324
-0.0009625036139374565
17.50361811309839
15.67001436402964
-0.0010462031682168184
2.249768666924181
17.500064288961585
12.927343164423137
17.510342298421303
17.531370258782232
17.5221177138327
17.581977301996687
17.53086832270789
17.54794048701162
17.558923748858483
17.547357581354667
17.51193719193406
17.533057142394398
17.568014752397843
17.523826812482135
17.543330964027238
17.53703376893953
17.55740705543746
17.56598900286055
17.70090099804597
17.6536220826801
17.518761802707726
17.553769095456985
17.56273205276089
17.54633819536867
17.52917582399872
17.539344953678995
17.564080232868957
17.545157606871165
17.57460536219045
17.63082951464346
17.560654898949178
17.579931774542917
17.60097762116997
17.54983237941981
17.58606578292344
17.583346745447717
17.59249464065235
17.676437656154416
17.555871786579697
17.592038991194
17.56890846041472
17.597173745782882
17.507921477325592
15.4881150963253
17.516232311328235
17.546298497177624
17.521471547014254
17.621115847541436
17.67199319979619
17.589544608200185
17.610955655208965
17.565239660509164
17.56593351372094
17.618057710098594
17.60707638994667
17.651840041268553
17.671791845752452
17.61077643656836
17.65308677429313
17.677546599970746
17.687419361349583
17.57531403945301
17.599234153468295
17.536398119306106
17.56106044617304
17.84744415734537
17.904912627196698
17.91489708162614
17.832934011586214
17.801326232735168
17.87607427635324
17.79802232670722
17.747447641819985
17.766706596931524
17.765093910942852
17.79065420297977
17.728083201316114
17.704560620136352
17.705017522275853
17.690954832786552
17.714343776184307
17.675216265154127
17.73201557758398
17.645632091346354
17.72704868406939
17.653967310605356
17.698475719840243
17.691729397007734
17.755377572448666
17.706757127490786
17.778669517805255
17.772465269985343
17.69046655591702
17.680503629554092
17.732050498146283
17.705705019430994
17.672626125369533
17.66925080988199
17.644203041845827
17.631684482598864
17.636897381881155
17.62197037697857
17.637407487320736
17.610026686021914
17.593881357318764
17.593702284299134
17.741826993112785
17.76898677822998
17.583698880731212
17.615888983854376
17.731710055364527
17.708892029542472
17.715428971073656
17.74578200055069
17.661968727873578
17.70706548448161
17.67610206027337
17.690839056464934
17.695889585979884
17.74181192195435
17.72193752010049
17.769977934331635
17.594902643700145
17.580501045308218
17.598126254201514
17.571942638893358
0.4882678416187441
-0.0034362123722591906
0.4919105939382585
-0.004613484169766528
17.05937354420804
17.504039661654193
17.501565139715538
15.417819604844693
17.541707214548705
17.556058015468583
17.529758293342283
17.515165372264377
17.566793021589902
17.548978422684762
17.579361502616788
17.615719199707343
17.526118762626957
17.52292394525794
17.574320238030538
17.58561887055099
17.627250088795765
17.610242549254764
17.651951315136113
17.65874282902395
17.64049709894786
17.646556079844288
17.638153237384696
17.69342090826871
17.682547632590722
17.656337676429306
17.695524712174702
17.667832886946858
17.691413554629452
17.706659317072674
17.673062152243766
17.66810006515302
17.698451552380774
17.601656462760772
17.679692654069925
17.643074192981167
17.587704883048378
17.637757142284634
17.619945265566958
17.61343159237714
17.746932132716235
17.81614104754998
17.75301727739538
17.625523438029372
17.655485120552495
17.562536269197935
17.536799958447624
17.607672470127323
17.60068711263436
17.53051403418391
17.514483997587032
17.535725135585118
17.532522377248856
17.56151212834633
17.573572521045723
17.540227287497817
17.524037673854295
17.517724178418003
17.510650414072824
17.572976245822908
17.575807867454994
17.579610316460904
17.654115082852677
17.551427865519695
17.51473491451412
17.597613137829118
17.52634666036512
17.532486769043924
17.542257876666422
17.587866326085017
17.593125834989042
17.535605122654857
17.521371226749554
17.575501916833186
17.50849718967069
17.50562146417162
17.5093001555327
3.9394598119415507
-0.0021542048031669278
17.50548812569169
6.024235419170805
15.863884681980238
17.505604392861848
13.613607760533196
17.500285566183027
12.414585449336514
17.50074098795935
2.0089147423998512
-0.0018789703180667702
17.501482196206112
13.306276210577597
-0.005112926795482874
-0.001888949264606156
5.990806209526248
17.60732313848876
17.59473383172803
17.56144296924835
17.579723950181876
17.70477328022208
17.680786368666165
17.61176153893217
17.61559111076129
17.632513260099806
17.619699594775653
17.660671040181978
17.627255174273746
17.58308373035308
17.564704022854936
-0.009789856823186154
-0.00905047289251651
6.737929221615842
-0.0016262880102334786
2.6704274422385677
17.72477990561855
17.629828299513814
17.621890651479617
17.6269126690374
17.647381134291198
17.656341153758614
17.65089880632468
17.697596570906715
17.661951000882716
17.68527193561233
17.717333740357283
17.657793501136098
17.63179087518983
17.619423370026034
17.605909521579562
17.623725733410133
17.645799088410353
17.74328375269662
17.630643324734663
17.656298285011
17.69152202935696
17.673117296442086
17.6599039431232
17.646762494637404
17.68027110282221
17.701145380905903
17.61639133734368
17.58711356727323
17.67405646898809
17.539038742462125
17.59742160772181
17.56738908670958
14.018581013744097
17.502001697008293
17.512040806854294
17.60140252161766
17.602614122777524
17.607817751875295
17.624557191108
17.634698928100352
17.70182108232526
17.662199363585263
17.69073879866448
17.719125643980192
17.713945867582325
17.64511540947842
17.677142622061886
17.691251407219394
17.745066346611793
17.78296946054769
17.730134628139385
17.699390906828782
17.784133336936755
17.680514633655708
17.721332604074533
17.70897634441069
17.76468739860426
17.70668306555245
17.726397475364404
17.69101627481358
17.676321063893848
17.647622790353125
17.750097816472387
17.70660223133331
17.68348913019899
17.650539349792258
17.719821789351695
17.68548110423293
17.8531518618186
17.844147665432605
17.713845755466398
17.76807500410164
17.801535168328382
17.735059438785186
17.77922203476375
17.74769063626035
17.80969401354407
17.874330377096648
17.76332158738354
17.74390315176566
17.77112211013322
17.811917006110264
17.743167732730104
17.736801711702693
17.897194537391922
17.7657264688869
17.791222443287147
17.729419884935744
17.69851972659547
17.690438411385234
17.809625944550056
17.82134475889229
17.72513982626415
17.67522376577914
17.70505666689091
17.692181943982764
17.654654826867933
17.633091469954856
17.718342421770128
17.559231120982684
17.72178161775106
17.66756957816606
17.73889289229733
17.765560671783707
17.686605870035287
17.595435042130703
17.750469421004563
17.746828609152313
17.740811552111474
17.71040746302016
17.678580515913744
17.6414325525263
17.61564666285312
17.63293850555598
17.614630564047133
17.64434701441746
17.837818918090875
17.814739161649026
17.786687533059215
17.852182278559866
17.75654132117667
17.64018279617825
17.777405305902633
17.590950104870135
17.623369203867245
17.588702255182767
17.68177924527236
17.796250868127416
17.76317621255293
17.75518813213776
17.703729279697733
17.71367151284514
17.6671814232668
17.639243076914333
17.711763142608625
17.675358904009446
17.700804461454588
17.72018322815992
17.681319178506037
17.6544713570441
17.649774915457964
17.689929086346144
17.65287463226274
17.703937729754518
17.670479384333817
17.65401536374595
17.675219267031167
17.646961369837964
17.593378252373228
17.656846339016333
17.631574453889392
17.602346508957194
17.60128375059847
17.66494154808185
17.610980551455366
17.58954690162455
17.53311780152941
17.623346399428236
17.61100160011717
17.623142551150917
17.58114008486161
17.63984829949883
17.610102985516807
17.567751175666316
17.57435301355383
17.620112779572313
17.612268990955098
17.547364600772845
17.537910802850213
17.557600350435443
17.550278820825252
17.58546190527366
17.56711309061728
17.558711900934057
17.545781368197467
17.579532061982384
17.554179865791152
17.6359533747743
17.59278813076751
17.63979458026708
17.62650789809998
17.58271119959324
17.561296805062366
17.588041303489664
17.5368341174701
17.600773091067285
17.56308141813713
17.601284158851183
17.57643474514698
17.53905066618021
17.53529299339602
17.611329598241745
17.573191083957518
17.556605632056176
17.574477513474662
17.52189990394579
17.544421625407878
17.51008057064031
13.648114812923925
17.501370333185218
17.78583398095825
17.777305907467415
17.731623271857977
17.770217704143704
17.825147078703267
17.75636903658251
17.82188531763041
17.794952971625452
17.746492925777993
17.71258279784555
17.7756205980536
17.87536669570497
17.81747534722163
17.919477436593347
17.848196455714042
17.837838958487897
17.895573960254993
17.876288803679333
17.803046170131037
17.78705278293142
17.742894092082985
17.929805894658596
17.72807212856971
17.699331406787003
17.70391621849512
17.661515253883028
17.642456810626275
17.62414487967452
17.61161179823323
17.62319368917081
17.533375803162116
17.547359122365307
17.607223622767492
17.61261568548824
17.578539298587305
17.56343174960705
17.560705277222443
17.542846721795968
17.53951151317824
17.514153568851413
17.509456640360913
14.05064044046223
17.50294379690734
17.54965381968728
17.529056335091962
17.518289910681588
17.524952010194937
17.510701936778485
-0.0017306648519731156
3.7207212332484776
17.528908649902267
17.51708182581241
17.51065966003222
13.36829972675044
17.50148301477626
-0.0005787868930017569
6.320227387233454
17.501996881254495
12.711751735811486
17.501947787118556
11.093473852862367
17.516189345216112
17.526147188203417
17.52673398915464
17.51451115433424
17.523520957195657
17.55209761559731
17.564633085808964
17.547778842076355
17.560336757734255
17.777241880677376
17.79531177119314
17.81645166216811
17.757453526993064
17.7895256187123
17.93814814814808
17.861050101473925
17.852408680338158
17.8908164585193
17.872957261007944
17.862659393212933
17.909389310730003
17.830879205785703
17.792755776690836
17.84609909269365
17.544697649415344
17.545117219871187
17.689718777791356
17.714593290667054
17.71673807809365
17.759293674758137
17.77996274448646
17.750626159031405
17.79893724863058
17.820751026919925
17.76078266761767
17.752181606840313
17.62138327228601
17.640864774412155
17.776917735028096
17.818922326336637
17.782417448549708
17.815377341167913
17.625118210272436
17.683966836124497
17.62056474233717
17.595628014590574
17.621784384025236
17.559566063327768
17.561284337288132
17.679361880195064
17.64819104694196
17.836871799289163
17.84816070226398
14.49667164395178
17.50060688599225
17.51192154905556
4.014687224137537
-0.001706417772717515
13.685666653342242
17.50217558267544