17.825178112139902
17.919490740740727
17.830106135866764
17.89402777777775
17.91949074074072
17.712978838273273
17.788761160812506
17.788165690104154
17.885030743634243
17.883873336226834
17.864433513374454
17.59781778201223
17.648103076906125
17.765723898563955
17.731563910872033
17.785430476027273
17.73550891406912
17.59363728869434
17.64643588865081
17.769738724319996
17.676179507322146
17.692199792484455
17.746554385175248
17.59727525745972
17.58482496959188
17.836419632523132
17.792129793718548
17.68582619455158
17.737549871797412
17.771998155381926
17.580637725071416
17.821906828703693
17.79981159979421
17.88919478060911
17.713012016452016
17.691569837228766
17.72134023459959
17.535957766493663
17.55967097699951
17.746079902544917
17.745648436068105
17.690502437329663
17.639201772150884
17.85464377572015
17.54752651944691
17.761643654152184
17.575795563955744
17.659491916859402
17.738651396432545
17.569409815832906
17.819119350872555
17.712572714656588
17.71387815010792
17.890864636284515
17.707973057762523
17.681823714009205
17.712258060864375
17.861810257523132
17.786890625470058
17.585913391827834
17.57274206130318
17.854242902842046
17.81711733934865
-0.01749654498369713
17.812682266511832
14.80763764302625
17.506410397075488
17.754495106889145
17.618212143051007
17.692646616954384
17.583706715640187
17.511886129804125
17.743769027345728
17.63500633607745
17.524663013638456
17.76492260690402
17.761352528728214
-0.02036255350720534
17.67995226005981
0.0006795564324155769
3.3554748156943517
17.696130124249464
17.678172570865797
-0.014082396416133042
17.817158889837856
17.706410980280896
17.722090817561206
17.84713255995451
17.719054096828337
17.59533210035791
17.51470378935241
17.731146497061896
17.724165897055872
17.615914573012002
17.67056164897211
17.675038538903898
17.666484861523834
17.62681078052193
17.663826488657516
17.66901382322686
17.61876840008297
17.75107312081414
17.650810613998864
17.616408756738924
17.557142782736786
-0.003837969853668668
1.0634109892054964
17.642355224827103
17.554764479855503
17.676150494654948
17.600534713793085
17.514297738828347
17.535340263323974
17.573400292803523
17.57667385472675
17.570030296516872
17.601265463221257
17.7072328727792
17.744925560258547
17.682435584528534
17.706724838976506
17.644862094250232
17.642953677955308
17.660705226507158
17.803293952669133
17.756524532156433
17.654797859162112
17.604760519680923
17.564492637019004
17.606496888609197
17.598641065312222
17.69951151597317
17.66235572064658
17.639684913330193
17.679817308244864
17.74634275059282
17.586999543851434
17.63292172835888
17.685166420387457
17.62228803582858
17.696581877861423
17.69795968409689
17.638849330084668
17.636024149284957
17.54378976991997
17.612374821921268
17.58168584034216
17.633843623178322
17.564192275350653
17.576885962298707
17.653225836363855
17.662672770156696
17.5418121024352
17.663053379070288
17.620931755801564
17.719037005151463
17.657889288907366
17.513150325781837
17.63060733897014
17.601944291351984
17.599979501084473
17.547203016821026
17.681402014794035
17.69553991175399
17.636344855708597
17.70620045744502
17.605277654832232
17.64070139120586
17.587454122197062
17.524227003488786
17.50782678168344
17.604562070748383
17.55437829685568
17.552738278400206
17.517511516468485
17.61993865947284
17.549423476342394
17.53109740325748
17.529976892682917
17.54418298369578
17.542602713244253
-0.013937931257532822
17.782343051608752
17.569399045609813
17.588479072074403
0.4018251723909364
-0.0063668958119926155
17.56415743856295
17.528755795984846
17.516560455961066
16.855235012689327
17.50878917120899
-0.013860126818002565
4.142388638851151
-0.00294305859419227
17.51994304176447
17.52001222658964
17.50531203475133
16.74150012899333
17.558473394186542
17.557121426706324
17.52864078348482
14.374901935312675
17.504703812203434
-0.012921406192848003
17.63834566559035
17.510446991992858
17.53571672160785
17.695194535985426
17.55566373423348
-0.00044498594222225807
10.78274586474885
17.501620745766385
12.485956837027775
17.497851669520095
17.548851968723895
17.602408685731096
17.5675274558425
17.516136744785406
17.523443616784622
17.563370737994862
17.500215621952382
9.648649343275114
17.692213712951634
17.5788246732772
17.601418398536804
17.5884276337583
17.522221397760326
17.550348243578952
17.686057350467593
17.568357289451196
17.601537016562983
14.906780685919978
17.50377144596618
17.527526582933
17.56688792356021
17.617490849158212
-0.009757702091429473
17.52445251479728
17.574139016719933
17.592927133138392
17.696291343264697
17.68856062752013
17.5114442994741
17.501173512103943
9.844048085173274
-0.011061448682546212
17.68581889590278
-0.00044560894076624925
17.501465965381463
8.695054248473442
-0.005014751405208888
1.0828855341629622
17.501925416655066
14.418207956536722
-0.001763889529481543
3.2719980462576803
-0.012871269520712736
-0.0012665618790060399
3.952186528166181
17.501299201950655
-0.0004125296463907221
6.928031504833694
11.822888675919332
17.502260687422844
5.598751649905094
-0.0008426532637423404
-0.007349819568131735
2.7349236336416904
-0.0033975729255309906
1.5154422962666567
-0.005154832474399855
-0.02231962107908316
-0.014813871046352
-0.020046222821415563
-0.015302341779648631
-0.007610158179589138
17.50007405342647
10.196127328091283
-0.019230329476951177
-0.015959443067618984
-0.020252544889934478
-0.02115356019658903
-0.01728567617670829
16.37724097069198
17.50457540621723
-0.021660810517572432
-0.0198352589123827
-0.015497215085525984
-0.006619755116922849
1.3193032865321026
17.590898349406828
17.684772994336537
10.972983200384133
17.50115852325937
17.50313043573356
14.865941623403
17.538368674358868
17.609473142444077
17.51643174514489
17.568370661948705
17.666572745299316
17.668516282557807
17.559951237194674
17.570930833358993
17.557261158275807
17.596736377502314
17.543441798424006
17.595233522694077
17.55100346883803
17.741207635376398
17.561447808757293
17.5852790710542
17.609076473606766
17.626502744929912
17.511060069533098
17.7374831566674
17.54543150278973
17.582725623774156
-0.01267695547030131
-0.01249299861924989
17.743161994920182
17.785647710887076
17.755173162322148
17.788201859085632
17.71053106500484
17.569766863529097
17.7237275340389
17.714177317223612
17.6006728337782
17.62282006968031
17.647722183681164
17.657476734756454
17.69981677943787
17.64202027753956
17.701693297669287
17.65807392954648
17.64684886250971
17.689233310587458
17.68372772524676
17.659013737016426
17.648420163278367
17.71396214347539
17.6322851981241
17.709700494239485
17.693389137668778
17.73064400855245
17.660227568260037
17.746699606949534
17.65964125434676
17.722185029187003
17.816913862695163
17.69803222902078
17.724844980543143
17.64659361479655
17.680131105379463
17.615492330820036
17.657789581631178
17.66875947736804
17.68252930893888
17.714527542238535
17.831682929721232
17.63210173557184
17.70654788297858
17.61856070195071
17.63658510307171
17.801348526786956
17.814717281894033
17.762605707627234
17.782072668499776
17.780503335491264
17.801808823076552
17.751357076843387
17.849141971944032
17.701390931415286
17.93280092592589
17.85399496841842
17.721545049781284
17.78718214633632
17.672399864684778
17.757612958045147
17.75687781739025
17.85446837204413
17.614899965954393
17.76814086854831
17.840076144788384
17.838724468254757
17.676980055100266
17.696551105097647
17.65926003729676
17.631634926255497
17.796306427215715
17.8041995312366
17.787377180684175
17.745619426592295
17.699849882011573
17.68070379077076
17.64980147762676
17.889194780609138
17.90129302407909
17.767596347270977
17.575291679272862
17.728344227357788
17.706627694919916
17.680280553232926
17.584049758053936
17.608716953788754
17.509288400373194
17.526921283575675
17.65831927030421
17.69564486928211
17.522391871782084
17.62707237035001
17.651827580219493
17.653056446833123
17.64024017869154
17.587250534902545
17.60297897640661
17.543439758594335
17.570988945523666
17.589356210266512
17.57098527326255
17.540938709700534
17.543613379215817
17.625312091636623
17.60249499892154
17.60834414576534
17.560725641516814
17.61116020049074
17.514869199490683
17.55298291781851
17.590077771973586
17.631339518518736
17.57749873178878
17.67787684383877
17.697925198984194
17.53919730969705
17.701142262350714
17.584368490515086
17.536552826158744
17.552099619539078
17.533536077526982
17.74755177561286
17.71925245808752
17.674020493248378
17.715288397850532
17.64832896754094
17.68606739004107
17.798458297460943
17.725682494252492
17.692474668815922
17.711882680540473
17.677512591714077
17.509088383776074
17.509646785243262
17.517339070196975
17.538735255780548
17.52162395736152
14.213629541648332
17.502145610376008
17.53403172976737
17.519836125782927
10.331501156940545
17.50120996654857
2.569272085928828
-0.004627487422973538
17.500923990860493
12.474305255955123
-0.001248688062601064
6.807590135335533
-0.0019143367194803661
2.676767316358225
-0.015603253739489046
14.11015085693058
17.50401442004099
-0.0011381736395070672
5.007666232858768
17.528668322206197
17.50152743833807
12.30598445331203
17.55564796035976
-0.01377774094379258
17.51380623620882
17.531865208829625
17.53101045364821
1.7907399228642389
-0.0037800277984804454
4.095671056761072
-0.0009913801629123451
-0.009294511797691687
17.506123097874806
14.765318987432783
17.50298746476302
13.348953038093839
-0.013628131402181625
-0.01700148542137405
17.554852647400704
17.599230719147823
-0.012207858024848727
-0.01972052616234773
1.774899118031286
-0.002332890145519921
-0.007712737216705289
-0.005757326565133403
1.5420975551554783
-0.010474435429861201
17.564713180024814
17.524979417929977
17.644599908180535
17.623696008730725
17.501087191813063
8.51233349401538
17.501084567760753
8.034207511506388
17.542569048230973
17.56560102512521
17.601075519618615
17.661571412302585
17.583434323380153
17.56815369931228
17.66283839309869
17.583469656240034
17.624044379461765
17.60932903767428
17.626523056404697
17.76401920001327
17.698654006661485
17.672872224044625
17.64868691933401
17.64648231541179
17.759775022056896
17.821952887245782
17.647196078170413
17.706837939813063
17.73322139826794
17.788204924238844
13.147691849785616
17.502252937377786
-0.0028190232891144485
2.041963801576432
17.521113617358203
17.553334346070912
-0.00017903385395783334
8.054679481261529
17.50147872523859
16.53668883362618
17.50605396494767
17.50092284386373
11.035038761721879
17.517023085356794
17.55907243591984
13.595066541299119
17.503477282256746
-0.003128186401365434
2.0313722427716865
0.0814862629378219
-0.007216787311976206
17.50319027417719
13.620179736970645
0.08049083984616462
-0.004424119687188283
0.7678151307576058
-0.002371304615750761
-0.009131300712532242
-0.017785927227257442
-0.016161395099666687
-0.01673364295620556
-0.02174737459818258
-0.0036213790788080947
0.8385784696218794
-0.0007939426182845388
3.891960775304331
17.545883340047393
-0.00018045958477037226
17.50117447870494
10.74537520244822
17.50273658925668
16.53895515957485
17.51293220859686
17.532191433179182
-0.008813662119811796
10.151997249998688
5.026869648483708
0.000050471777777963615
17.53100762831474
17.535625114925104
17.59590626857888
17.501031978890584
-0.0005050690320143087
8.583498019931836
-0.0005100732491911435
10.152516144254255
17.50092581000536
-0.002682771561002303
3.0007071768644438
8.244821465002303
-0.0018105930560245466
3.416062756400336
15.844782040250564
17.507214025944855
2.133589616693522
-0.005694115739411635
16.59252820645877
17.50973208947357
17.50546868210874
14.74189328566059
17.597392646788425
17.58055723642823
17.500074013528575
11.11930567807906
17.50461710432729
13.472676572903488
17.57129347731003
17.525566359922962
17.505183571451237
13.907997153980906
17.50286335294043
15.77895219857527
17.51306125288128
4.4462952579112995
-0.0010530335434634896
17.514002880022698
17.503564782262053
11.922550447766493
17.557802446961755
17.5524113929397
-0.003339322119317805
2.2888783523037435
1.2990351075874884
-0.005041903779906578
1.1595865774405736
-0.006700892960143979
1.539635839266113
-0.004147850013355565
17.50331227387787
14.927354562053191
17.521267621208715
17.528190738742925
15.027539065431226
17.506259866064457
17.56008759122845
17.67765084898023
10.931040823259702
17.533235324563258
17.51951366281697
17.524828336946364
17.559401347966297
17.576150240225314
5.925157847670578
17.217865834701914
17.50834787289467
17.53442219484657
17.628693143161478
17.518288247057487
17.547562468319416
17.651275125044027
17.71812020799099
17.581951858680604
17.56311943893125
17.5232874802041
17.563313279602237
17.65356204267252
17.687059239698264
17.645607547153627
17.720755272376806
17.579586291491008
17.591961650615072
17.555130150363972
17.592500722463093
17.61052373285871
17.615771485611
17.62921258089149
17.611215013598546
-0.010336305163620699
2.5382384091269796
-0.003270676936197919
17.521186074943838
12.582413704203109
17.501653339010645
17.528071193163722
17.54778891939691
17.593476492694723
17.650607923921942
17.513227205873754
17.531212777904866
17.641818540775454
17.687449325617322
17.540538463364015
17.531072618065128
17.54395283865988
17.51449402820925
17.62075296611132
17.64679478372347
17.580166046284646
17.685499474206583
17.66914444381007
17.65144392984174
17.658791179558616
17.661336748374133
17.622543888251254
17.705859392817725
17.62634695111349
17.587693470050862
17.634581708238336
17.629681250972247
17.69639670273461
17.746299731753265
17.79634053907569
17.717787306816167
17.649106070123956
17.67626755473524
17.630307398566263
17.63562242191995
17.60957483180996
17.692765696346235
17.74750735712293
17.78829384727711
17.72741326756173
17.694583471664142
17.779033390329875
17.733514763154
17.671063558742507
17.6750248967144
17.6124166475205
17.696802536800206
17.61813754538316
17.581373499622845
17.608415364171478
17.577943381249426
17.671545219779524
17.66814629707996
17.677970570421444
17.703240420936133
17.68312967290992
17.642381705925864
17.603155512147076
17.56260134879372
17.590866928723322
17.55205467138246
17.559873999177285
17.53665664454771
17.54792847683971
17.542746031849315
17.56527329637315
17.539396605509342
16.924976904859115
17.51004004968275
17.656398360027726
17.621768692391736
17.51942898887825
17.531378544367982
17.680846246163707
17.68799167805822
17.70897615437827
17.796287270621082
17.72909435508281
17.59157340260144
17.709795149184746
17.71875208859919
17.78339999074204
17.7371321679854
17.60436635603985
17.551586088560075
17.5686791476488
17.57613052330085
17.62243261679416
17.59283616696158
17.652818065023748
17.687398560810195
17.70006256994652
17.733772495952056
17.644304252106316
17.669443402845424
17.623575722794666
17.572764534597354
17.662103681935758
17.67719725772964
17.560737687291077
17.542464999634173
17.605224947049575
17.628759193272963
17.640567302426497
17.579801284091648
17.618514579285257
17.601486565096145
17.58372675415511
17.547142797698136
17.655978522132806
17.680561515382987
17.73657990139721
17.717293589939445
17.67189965988951
17.6327078207499
17.700513825415733
17.707855557414035
17.553616184509796
17.578290848850518
17.547388027721773
17.56242449354673
17.55068933029723
17.5338568294541
17.773402285788485
17.790788677130298
17.70723875957162
17.76011239987377
17.680814195039922
17.729355883989406
17.74160092878114
17.69780864312316
17.695619469239542
17.71686611519753
17.661932396141335
17.63874006798747
17.64000062375437
17.524983198022763
17.522432798376418
17.52346896959201
17.543850318700137
17.5339703496539
17.516051530392364
17.785204517525337
17.827207145008796
17.78982919844851
17.936146556713172
17.769181786808392
17.84810192320103
17.817932211095172
17.7396107689002
17.77322555858379
17.832842704570556
17.883259263491095
17.844510764938548
17.90697500425185
17.87964200634576
17.894947469588462
17.531898107219597
17.558900074541526
17.525196671153715
17.53328578158196
17.629765962038086
17.62736302380241
17.578160981629964
17.600538738452727
17.595515746566406
17.601836908332977
17.59059483641074
17.664079357335382
17.582864301555595
17.687478013162377
17.623840179509067
17.61659776223766
17.56292296994206
17.628013245844755
17.544970840721394
17.57811656045105
17.642703539183003
17.680579514822323
17.709496190957392
17.72094464686042
17.54908256887119
17.57071093549849
17.676024008842532
17.707857757510858
17.540207720968038
17.582570144179854
17.604619681138654
17.65249136983805
17.583986760346587
17.610794661841208
17.6364966663763
17.679154450323015
17.69794482580176
17.67969286545716
17.719704306919592
17.694137771847203
17.62019214205854
17.60484685161426
17.612726113926527
17.70078887103924
17.645915819504587
17.566915643663847
17.601990723464247
17.61674238051002
17.651084440849374
17.610402941105384
17.594358096578553
17.620130999071943
17.659012349183694
17.571128064863593
17.718213216616654
17.55975630838365
17.56567958277067
17.53523044948974
17.54338397847044
17.555122278818793
17.57782445978751
17.538359449376536
17.59938233515942
17.621262394564457
17.723947217756464
17.626307520024767
17.6537734790621
17.665051080730574
17.56044502927878
17.772089820909297
17.59188137092065
17.610778216837563
17.60178087757229
17.620161012738397
17.645275383188853
17.665419813728786
17.672861322577518
17.685009689017573
17.713462305042317
17.67958879933144
17.73420873273849
17.81374339494524
17.780192810389433
17.77493615297058
17.848147149888042
17.831328043760614
17.816976893663746
17.732727248761915
17.770610978241745
17.854808904350993
17.770525424979734
17.791727866298945
17.771992330439865
17.848351279883072
17.78514004199841
17.7223249047138
17.68766253505007
17.93280092592588
17.85499724489147
17.579347305282575
17.89092821679768
17.903013915160916
17.522486939805393
17.51162818938227
17.514646889506146
17.5149203028518
17.535393263946915
17.510110881293556
17.5355967214281
17.548631580444074
17.5252484117149
17.57433551155168
17.573337964585317
17.563019756531165
17.64568545440983
17.62028053556673
17.617036624233915
17.567228878493488
17.53965990485041
17.590817486071604
17.772090143573468
17.594755005821707
17.68452719635928
17.7141458917428
17.659571070652675
17.66737847328962
17.855912720493777
17.758052733511967
17.81421444160896
17.816783996010923
17.848632611057432
17.618638992334894
17.657851932858115
17.728967274145106
17.69793428405423
17.707251510567612
17.669858356469625
17.710542075225856
17.788196034143663
17.67106430050937
17.737679452092685
17.724351479386584
17.74267288342196
17.687416662826084
17.66647759832503
17.654934675743565
17.694592444595976
17.632179914794968
17.7059896042495
17.65264302785002
17.724952441715836
17.740850535694122
17.71796575266553
17.697601336494937
17.69216866182467
17.652724681221027
17.62930962600102
17.628979419207436
17.601846652341163
17.65474836657532
17.576145079283364
17.540755018542363
17.593786953698785
17.604672831703763
17.59592473015313
17.588315802374016
17.615350635099585
17.61994541417833
4.869434258414342
0.01082685979631486
16.909780695415098
17.507729381811288
-0.0194535006446286
-0.019496319066444102
-0.02039113356599819
-0.009131846116477138
1.9136443359252053
-0.004436042330605141
-0.013388037844920582
17.502338936496187
9.556229510335934
17.50073388007482
9.301831498044468
13.668129595179085
17.48878133503517
-0.002820189351536003
2.852527370538469
17.635355718072695
17.654146413956315