17.811851851851827
1.7063703507928532
-0.017314853937014103
17.556580740010222
17.608405349794218
17.730529655587798
17.714942761219454
17.811851851851834
17.696424242700935
17.579044994540983
17.73777777777776
17.73128343621396
17.663189300411506
17.647757201646062
17.65315843621397
17.74015358554138
17.50513797643921
6.37001815967081
0.09459010459801584
17.66717592592592
0.07008040779883863
8.789607182745637
17.50056815745972
10.125816421432475
17.470784083680275
17.67193931628816
13.207531628079131
17.53777861510633
16.56514017283189
17.542097163750135
17.677252827696172
17.858148148148143
12.538950561798288
17.524412625310955
17.658242642347364
17.663403820791913
17.60553101452968
0.09080751791431602
17.505499040088875
7.094900587359681
-0.0006093226397765802
9.3227960160662
17.515592186778406
-0.013115418298216639
4.669199709437075
17.55751503851145
17.623327174856158
16.590520371117588
17.536840029159926
17.588050788475623
17.611814793508135
17.60337165485668
0.012753827652607087
9.30765865051102
17.480893839759137
17.59805814344865
17.57649105973501
17.858148148148125
17.651364568437025
17.589728913553312
17.731283436213985
17.758675411522635
17.674712770933287
17.715595451797594
17.618658409192093
17.664320428949853
17.657400317080175
17.708036793872793
17.870011574074056
16.720151729612148
17.554357456087775
17.638433167291257
17.670958961017497
0.12163830547312265
17.48976084378893
8.61551082340229
17.542263388673042
-0.0026675083537618305
9.493904173065909
17.521419828849076
17.73052965558781
17.757876350915716