17.649380787037025
17.84541666666665
17.71101273148146
17.640410961956203
17.570782113960732
17.63123300057867
17.75402669270831
17.53752576742176
17.632241210937483
17.676636203688396
17.54634533182177
17.845416666666647
17.76444335937498
17.782916666666647
17.693437853998155
17.67549479166665
17.550773518880185
17.718438770519125
17.706238425925918
17.614541220470958
17.497733582507934
0.010187568178668473
9.15579803909933
-0.0016690599154633075
9.521702957645108
17.509163772955976
17.777394779019335
17.587748842592585
-0.019417929696074393
17.627308720804674
17.562752061082552
17.571667887369777
17.59730253256086
17.506822838297076
0.012900113169249106
7.267617687896034
17.549916794878595
17.586938289109312
17.50260328248462
5.5905530792825555
0.024232907190378856
17.599325994032288
-0.000874328913445464
10.371569234772362
17.51411605125128
17.614314210167702
17.51805019241805
-0.0023436686525151814
9.714351455992233
-0.0004307046709297858
9.255873574371153
17.51051397539253
-0.00888744173777946
17.501264202640524
5.933355038119163
17.724828353327386
17.681897898810487
17.54297964329485
-0.01633987983136939
0.004314770539071491
17.50120225020953
6.786981209428482
17.72212565104165
17.593228874081564
17.665391957035343
17.579896158304763
-0.0008937279933791789
17.51654480013909
10.252343169074445
-0.01185982138810687
3.9699704891397274
17.8050554869922
17.554660869352244
17.50615759970809
14.733140973581138
17.541734030763383
10.152114015904038
17.506533575509177
17.585944393821997
17.641518840055866
17.699502231410037
14.558197410294508
17.504026286407253
17.60545519248994
17.697932472663368
17.698547315053588
17.70697525850265
-0.019129838734615094
15.905686142673009
17.53607663162619
17.618994280973244
17.66917900197218
17.586266854067485
17.660584550492395
17.617750286207702
17.709120972749982
17.546280931753653
17.712082364427623
17.553248047981178
17.689562186692875
10.625005549114556
17.484396960162062
17.75705228351254
17.55861924657036
17.881874999999958
17.7432310924386
17.780687249427807
17.50263523402564
6.5906707091671946
-0.008451358767909116
17.6683243458047
0.5861571450181864
-0.011739046738932992
17.502312047014804
0.04824318420403677
5.614581962418086
0.033270370020611735
17.50199021062091
7.112360138542772
17.572548043835763
17.63352630607137
17.60560511120526
17.5347741862404
11.850821742970746
17.519062864665134
17.88187499999996
17.697710204792056
17.679111229971294
17.653604200841574
17.6817972366898
17.66027669270831
17.6621847015087
17.674233398437476
17.791394203975376
17.854565485454888
17.729737971272527
17.854565485454962
17.668415796155983
17.777394779019232
17.80321405078451
17.791394203975393
17.64000513210162