17.88446658615134
17.912409153691847
17.947664744924563
17.883201805664505
17.855784557740776
17.88984360778546
17.840082583612688
17.935239238887636
17.905289832960253
17.801988403384893
17.8060239076441
17.875670999811373
17.86154911429523
17.74080223678032
17.714942182760755
17.855045464780172
17.731409340887485
17.90455624693688
17.82656797560984
17.92841176634617
17.875670999811348
17.793444649742987
17.678568878221938
17.86954647865536
17.78957355708029
17.657918092902406
17.68621517972373
17.816204135511253
17.640490795295637
17.780309668585648
17.717879530927934
17.72404042009796
17.57535549235046
17.6701296698115
17.69357941474246
17.708850317099962
17.610076341366064
17.71775677836373
17.67826106647349
17.66038154724307
17.57522819539237
17.926474395825903
17.783415440866197
17.9052903045572
17.80843632322953
17.56588581082766
17.790212420682714
17.57513622790513
-0.013763815156928639
17.91240793746812
13.73675082566967
17.501104427860437
17.889843607785473
17.883201805664484
17.51306622883768
17.5329923328063
17.855961698835902
17.823383291729332
17.685771357176186
17.837678517762136
17.8149969722421
17.742484664228808
17.856595534333323
13.456004283500882
17.88446658615134
17.826812416117768
17.933007223041788
17.845290102634554
17.825801784252096
17.767866948826462
17.74871157404949
17.585097293991872
17.78054979283211
17.66349152544812
17.823113697561997
17.860593427859172
-0.003010643275365938
-0.019601742481737128
17.84161077708571
17.795648723981014
17.517674495798026
17.531873256488176
17.797819033724892
17.533092617856436
17.782264054868836
17.506763003125126
17.826422285705387
17.700950365200836
17.783251733861146
17.684176694218465
17.904556246936888
11.38152581584682
17.699136262408892
17.601355800358963
17.73936806668461
17.684192318183158
-0.012355925570392817
17.711580424324968
17.592163885596396
17.554271907063654
17.71879028682878
17.695441752509044
17.551779659577033
17.71852020791172
17.713858552721945
17.720809322905247
17.874512358157364
17.750187468138414
17.734470004924553
17.6376959459709
17.573902654698248
17.91723351521673
17.772304213655538
17.758846235238984
17.833449391727747
17.611306421863976
17.617734599318332
17.638149308077892
17.538040596357934
17.770335171889073
17.762306535704514
17.516871710690666
17.76376819178627
17.776660580659886
17.525904083949193
10.524655833691819
17.64438161850653
17.759866019600643
17.58083670163287
17.74686843483828
17.554900376472073
17.756194384470422
17.538989510796835
17.734774936010886
17.62209952489745
17.857647498121217
17.564135577571744
17.839987469277112
8.65154200276362
17.500221211456807
14.375946622233016
17.800533674557148
17.535963372557866
17.815349066212875
17.814714293519074
17.53237492496296
17.579388759225097
17.830765544264
17.769001207683722
17.6623861893572
17.847733656361612
17.813153312967682
17.609408125021286
17.794079035885538
-0.010108528760711508
17.84569838634423
17.57194576861206
17.79649842195694
17.734232819756
-0.0001863680618926875
3.414873335293876
-0.02215591662729309
17.74454971029764
17.737923672041628
-0.017833198411602327
17.63225244014135
-0.0026844036657857
0.8133468405360238
17.573047878529255
17.842379317633913
17.784765655615818
17.657518670686134
17.869345112653473
17.798355803490207
17.79368937419422
17.931861453539174
17.78000270426491
17.706476445684572
17.824998052585684
17.524415893508245
17.619507222142733
17.800070823696856
17.77337221196298
17.56534279585198
17.684395337834474
17.839438950941375
17.761589802402792
17.788559170478024
17.749623376780264
17.771072482487877
17.774199704514082
17.76162956485962
17.736002608141863
17.68203312239528
17.80968232290571
17.757368977569254
17.81545817863729
17.833780584419905
17.76367923381683
17.751483125870674
17.832630219558013
17.819195374513274
17.79029542485174
17.7679969797096
17.770762452814502
17.74768906841951
17.733189904516124
17.758195281951267
17.83921686356917
17.858726867532525
17.705151459028432
17.787161812591826
17.81413886089106
17.807518395638755
17.75232804239418
17.765804669655378
17.751614540080684
17.76419747253657
17.703681193478157
17.75392056120268
17.780512924300883
17.753694699933625
17.86966127863438
17.842731903042644
17.71966042017542
17.740205963789105
17.693752602282153
17.72813138420095
17.662801413453536
17.728122808357952
17.68572672884622
17.706325536282257
17.690668772308108
17.690404177652326
17.672934969822194
17.665256539623265
17.64975709603844
17.74122987301045
17.67014896108925
17.664070620811355
17.689937436425858
17.631294694482
17.026566788616655
17.50273329406708
17.683359777252644
17.744740011465247
17.670263164796857
17.638830876379412
17.66419037291684
17.64870016064225
17.614491711566103
17.509695808264706
17.673390015838752
17.647932153882934
17.697979845692682
17.58395602299906
17.648622841588622
17.6554152605661
17.592321408067527
17.697115970948975
17.64569514421867
17.67432199574297
17.682745592004906
17.731546950399423
17.680844985940485
17.718023786033147
17.715768797254373
17.708329458647157
17.75316814637141
17.8430284094605
17.732322033697532
17.728375179648676
17.70472372001126
17.706901176473245
17.73526192678985
17.61394134575262
17.730205424101435
17.61384033285161
17.587067881784357
17.578325965585435
17.698773704038544
17.67574987180225
17.659076726661574
17.722515566529452
17.770267341924942
17.748214067481182
17.805074789372274
17.804708613259116
17.715009893177985
17.79222871547946
17.629557819720947
17.642372485473526
17.618317919708876
17.656434753285648
17.64472350788943
17.623660272413957
17.599992404452248
17.6628205285338
17.64672659215332
17.679079364123464
17.661520945907647
17.658685120277756
17.649454265922525
17.66654195877996
17.69272088623414
17.67154126687704
17.61375489406688
17.70202189308424
17.67027368659383
17.645871615472288
17.617665988448454
17.6226301116646
17.57154407378797
17.70300433881726
17.69998551496801
17.700256206960336
17.726729877788088
17.709147454225477
17.67386470780785
17.658652139390288
17.6744426245883
17.62748431093887
17.609290565376725
17.596828966788316
17.60955677473492
17.612649776173463
17.52118785281629
17.708829810274995
17.687077465765707
17.72493194458185
17.72417649002801
17.703923988633008
17.660294252755712
17.746823674718787
17.726510259524083
17.6979881045807
17.70918076485735
17.755387110506422
17.73892805424663
17.641964764665474
17.64430259415804
17.703909361424923
17.662253961700696
17.77518272659858
17.739462350001343
17.71118254695808
17.688736769021265
17.66630100369724
17.627590800310905
17.628254006623113
17.641298268466375
17.64812415031129
17.65035475237281
17.695218242257162
17.667178158645108
17.729216771178987
17.724384643635215
17.7131067552724
17.6876254205504
17.724727013150474
17.73356910707601
17.735050206382983
17.708499124362053
17.746657274766445
17.73295893496438
17.754988511926726
17.765057876562867
17.775409548895663
17.744758206941096
17.77319601583219
17.757766398589713
17.75259424525533
17.751031225627926
17.725193187759473
17.674570828294588
17.726491570411298
17.71169480253354
17.732907838091016
17.706003555207793
17.659643976314
17.662418431811492
17.692865330417472
17.699794260132283
17.72502540870382
17.738262551389262
17.72668854238136
17.71278839330284
17.684604637589633
17.696476109591213
17.688928358050436
17.67018171203249
17.728355201945806
17.712005697369626
17.717194730556514
17.737288244254355
17.71596024003927
17.680190392949704
17.67386723267992
17.620464207776667
17.655563179847455
17.67956973995159
17.65089327183513
17.688201667538507
17.61352476438932
17.65527937693351
17.634102949298896
17.607339914339008
17.650397392964063
17.68239126982613
17.664937439041765
17.647114099675655
17.640402583866713
17.676351605804328
17.701365474511153
17.64656181915067
16.83179683794016
17.504110789101844
17.62970020064839
17.642545834229033
17.650179972320363
17.676565676033118
17.602890130675934
17.62148110502801
17.69999120440502
17.680260317011832
17.64336671823584
17.670843472529373
17.62178940745069
17.613588972571883
17.623866384472727
17.619499328436962
17.598965078381877
17.631995179719926
17.593478305721117
17.60552030702458
17.601014655646885
17.631519899495675
17.593077243942805
17.607837237851314
17.635969415496493
17.61950923399534
17.667796711274065
17.696674734815367
17.61076775972455
17.608887638414163
17.580520439046506
17.58816329671447
17.623626012188055
17.614866108106675
17.598793003735945
17.593814008986875
17.66598056200964
17.603522287255345
17.61900080615106
17.606256141119484
17.625328553799793
17.6217199130968
17.59697237726305
17.592465465611646
17.638827652261096
17.637274477689562
17.60888109977798
17.6137242836007
17.626658085063504
17.619271834964238
17.633295576146878
17.693508163171686
17.600961925505995
17.549050261602535
17.64286656067286
17.60178554908825
17.608290325086625
17.56416261680692
17.694467250027238
17.69957965054437
17.610467815497028
17.5838765184915
17.609515794173173
17.592091358068185
17.589101979239885
-0.01797720693057767
17.583349527283264
17.578442765831287
17.572579345694123
17.590558849928016
17.581965607624387
17.591852917303658
17.574615617588872
17.574284981234214
17.583714205720725
17.60598196610548
17.645239917420582
17.634942199191475
17.65687700471431
17.658437095960466
17.51238545152717
17.54812644337196
17.604330773688382
17.59254205109693
17.554158880338974
17.561791073637526
17.555446183673887
17.558320427421265
17.55378033866847
15.364181722718962
17.50125863207907
17.580911103887004
17.543772674645563
17.571527733140183
17.56567108929549
17.56233371856061
17.56258019185625
17.561719904226532
17.52014298884074
17.53663991613337
17.54875345610048
17.575672133469595
17.548899898152005
17.578315183948664
17.57070079234756
17.56504155630269
17.567817848016322
17.546288937444988
-0.016382711003811654
17.565810803805846
17.58237988587973
17.550901139883518
17.585464027279897
17.56202871903358
-0.002275190851571782
0.6256487243936855
17.54348077796925
17.513486553898915
17.554946412867697
17.581977439286526
17.530655545308832
17.541514847667077
17.599758156683894
17.594938072762826
17.552387781705637
17.542921428063973
17.544246465529298
17.534651357475393
17.57279616323661
17.56855926372767
17.58427138902454
17.56002747060844
17.600089272513603
17.580483478796246
17.53693394711139
-0.005494244953196791
17.566094166117292
17.51930173744947
17.57347067859553
17.62181467005232
17.52753873782861
15.754642867561845
17.504662216275644
17.55066375540154
17.53480958887314
17.56002655914394
17.55920642481228
17.535646217003514
17.523370197532135
17.5352535781717
17.54774810930917
17.511095412410064
6.844002778900398
17.55833919659286
17.550947457373763
17.54062564817027
17.522020336023438
17.541280879522276
17.52744237309229
17.527383051487245
-0.01709690397912432
17.558412768768562
17.522650592786533
17.510668360774744
17.514591414514214
17.531147717336218
17.502903177095316
16.46589091496018
17.511577644944996
17.526916134842832
17.51523100762734
16.099679929078263
17.503269331643065
17.512181300296124
-0.01681116282996747
17.575378931753015
17.545025322369245
17.55108618207933
17.551467678404713
17.53196407979492
17.522523013283337
17.519236501620096
17.504809724836317
17.51921456076158
17.525797219691025
16.4378308455463
17.50400844591382
17.51189167877136
17.51247102556723
17.525209397316182
12.72670240667882
17.498978988004577
-0.019801482440434975
8.442740256612543
-0.006794303199917084
17.50984409053893
17.501977781198796
16.41969137785671
17.509394630328707
17.5064428041239
-0.0007206678641808681
2.2090559701528267
15.109483519642755
17.500353757458065
17.513952506866904
17.50276462493666
15.364647737285436
17.500117516941888
12.943211337261463
17.50287780873607
17.516071848970533
-0.008965553850180344
17.54566393293306
17.532420686949543
17.56602693185013
-0.0026007920417660817
0.43296691793646014
17.537522897218683
17.520484015454738
17.523023108878437
17.514204747149215
17.585111264857172
17.56504538357717
17.62455225129048
17.593118079907885
17.62541332772372
17.595413999640304
17.610596805058556
17.582833014823198
17.544148954475222
-0.008486866173838056
17.64025714517895
17.68327760721841
17.591193831475135
17.565619897153802
17.604760013685485
17.636866065284917
17.61375328399159
17.580799699311534
17.61769793541222
0.04314708420145493
-0.0028056372889195495
17.699549465003916
17.65972029449471
17.57142829050073
17.549161230819852
17.626523306048323
17.64104132927483
17.52689667470512
17.535842468024963
17.675507908487983
17.60291182606408
17.633778764732583
17.619898044112258
17.650412114410162
17.746766712910066
17.524727593786828
17.51131128203109
17.551653982781197
17.539009953708938
17.53542128451511
17.534062326810787
17.529213338427656
17.511102251452282
17.52702002035818
17.507710828497046
17.541222622675
17.52340938824679
17.53576245542598
17.529346786901034
17.534353656400917
-0.002444522797783156
0.6152058102653756
17.541763462344242
17.522080671006094
17.55664502062276
17.605328622100362
17.535020027290685
11.306676308615685
17.558928044223133
17.546454635630102
17.61408277372092
17.550156033176194
17.539786386963716
17.52806161256124
17.516449036164094
17.510283546740666
17.585910693424694
17.57065864827132
17.503211333026652
16.216175792856856
17.511141474659954
17.635218009604266
17.6136313218803
17.570011557968325
17.544774814395353
17.56672350901084
17.55706453467532
17.522848649304926
17.5121579565215
17.52630423975158
17.516177567019042
17.526777653393033
17.50027107463718
13.268874641953293
0.42055538202374637
-0.0015937879492573886
17.55213821600106
17.507404877619372
17.504699934206037
16.226862408589753
12.076206676561327
15.87845180714971
17.502357363091914
7.711730491765691
16.04244136166673
17.502081864450744
3.21056105093903
-0.014796593237226754
9.396568818976457
11.697600079431817
7.563130596373858
4.2976454520529
17.50160472969973
16.053456313269866
-0.00003273132248685054
3.0419292634449895
1.8824371019198993
-0.00006112913373365537
8.791958483791086
-0.016655963384108526
4.410090430832675
0.8324392344621728
-0.004057611445671931
0.03459201971102003
-0.0024001777464146626
-0.0005223961634462128
3.649360196423917
2.5848462258000047
6.984170988215077
-0.004631971524131878
0.7989507231305547
-0.0017993059385829585
-0.0023625532729662346
0.23199384648045432
17.529518391829527
17.525275155828528
-0.014434940887247822
17.222910654160103
17.504506646764497
-0.0000322220490522623
2.6102398775634366
2.3136446266445017
-0.0007202051972096409
17.538565502471375
-0.008228038084690638
-0.009804927620714075
3.907320398403246
17.671621958002895
17.68485658868174
17.59444373623935
17.55211817220962
17.55465180414657
17.543302198602394
17.56555158824052
17.580676167186667
17.559421496523655
7.949678426191245
17.505774402142716
17.50061675617764
12.940680823139166
17.50782703105614
17.514630951123458
17.51118905577124
16.062235247564807
17.50155106840596
17.500536189386747
12.60984106492425
17.500618443427243
12.837922194641624
17.502641854841006
14.925908314581173
17.50197218723807
16.08654077215989
-0.008862128886457338
4.909125787262275
-0.013911842989728567
-0.0035807576521808488
-0.007407304948308949
-0.00538278945758416
17.632378821134413
17.66759145040654
17.58032923092537
17.577771505449807
17.585715776126726
17.604625429527527
17.604320134337765
17.59366900463144
17.633204099466603
17.595760560238354
17.58450173515814
17.595801124018642
17.60610723771862
17.59272098200379
17.584700563959704
17.558740110294483
4.445920865544668
4.708551785939894
2.23122279487794
-0.00042647786390168253
0.2343354177005643
-0.0030995954832427823
2.9463943654395384
11.977439255534513
-0.004686591644668626
-0.0022409059946783107
0.3691195885011268
17.50256877660969
15.968009633140564
16.685377746169475
17.504849104829592
-0.015496747505286233
-0.0006011105190677456
0.5240989017581287
17.635203954489743
17.64360113402735
17.75579383896902
17.629108098364924
17.56565816670593
17.566722958728004
17.56980338028213
17.584323214601433
17.56641358234934
17.5244229568516
17.576646928193593
17.548188953615142
17.61455315189042
17.611453318754528
17.50011773631155
9.375685817416118
9.28598826559525
-0.01111459207445935
1.3347464078620694
-0.0015257053804007459
-0.020690623895611052
-0.02098153349013797
17.653445426002015
17.669783134799538
17.660441955555864
17.702335036099345
17.654391298752945
17.63678445138251
17.558565217602244
13.746969222092408
17.501135835041254
17.556549496585387
17.526612925704608
0.381166410091348
-0.002000881711857809
-0.004919806084496295
0.4515794088280971
-0.0012975832525702585
-0.00616725927347978
-0.0108452620872739
-0.009359431087718697
-0.01785412303064498
-0.010425316249626981
-0.01355358177386684
-0.006767668829519303
-0.013693990451358594
-0.009587501234854622
-0.011518608077883095
-0.018441685161339327
-0.010101993178985623
-0.011427607100510289
-0.020122064804948332
-0.02150505189598319
-0.01282560074330027
-0.017180309132626394
-0.017747382612645288
-0.019392167441247336
-0.016987493689495946
-0.018518119508348082
-0.02178087964727295
-0.019168109368441415
-0.01575456401578032
-0.00978445200592605
-0.02034906032481084
-0.016138562685878675
-0.02069158053629789
-0.019744759592668238
-0.015090274125654243
-0.01886475416627049
-0.019676035095398895
-0.022228007835767883
-0.010622173563001313
-0.011335118328116527
-0.017825153768190546
-0.021244009651776724
-0.020765499593005544
-0.011691088178464077
-0.00692095379473461
-0.008498954320618486
-0.01324236005834334
0.48883286327503495
-0.0019644222060492974
-0.02196883259638703
-0.022129950554772373
-0.020284841525564527
-0.006751113831958357
0.43969669739827977
-0.0032473885441527506
-0.005946477793018438
-0.00877807073586405
-0.015651708419776228
-0.019369354760240275
-0.0194598475450432
0.22883977105328634
-0.002823812456498619
-0.014861359672858778
-0.011704406366384095
-0.013720502671958892
-0.0008479215471775256
3.442919203086513
1.2987905302304357
-0.0008837512262032395
-0.011284570095657323
-0.017848703740133573
-0.0057709437147358475
-0.012516711218726606
6.330611182548506
14.992145466106985
17.499358748639928
17.66911836817138
17.692409979605202
17.655431504574572
17.677667577416152
17.65933637295707
17.67106590924057
17.711912762838672
17.653196830891158
17.690547934860685
17.701568862801864
17.687211629835932
17.69191445310929
17.713214416158426
17.687883208646095
17.67428524952086
17.69985795471101
17.70688151341427
17.672731149244026
17.647054309143588
17.61179516424845
17.632086575077114
17.557788528757794
17.516217733790477
-0.005678710837452293
-0.007958270893796903
17.577135931871357
-0.021678283660783344
0.614241497682776
-0.0023212002973692298
-0.006695132678444562
2.058476331331055
-0.000816180213563109
16.865028396241758
17.503636367173932
11.869757550197393
11.720347130254838
-0.0009595391584183051
1.5948231110013298
7.88471997209758
17.43089730577353
17.503591948571927
8.698204923647213
5.064586015427088
5.710661943431028
17.50044206353369
13.748491554270972
15.213339298454397
17.500883199453718
17.509758535929294
17.500891339777677
15.614251076264683
17.508550623039767
17.50161024067944
15.627218310409427
17.52448420570505
17.431300248311384
17.50399305174143
15.107998331767257
17.501193045862163
0.4200317766151865
-0.0036647697309928444
4.5301616152701385
17.51395249407122
8.405278604690636
11.803755080473776
17.526624630218308
17.52005423261886
4.7190460973823605
-0.0016559180804916142
0.20378395447203895
-0.005946272436288824
-0.006354985585280339
17.53201692499049
17.51843568253419
-0.001084178352514224
0.8658409786589707
6.0279843435140466
17.506908863868425
4.332350961513276
-0.00802773770718455
-0.013496984808078162
0.9040071905842296
-0.0011415516560307455
-0.005912563441055428
5.730760414849689
17.508936236219224
9.98462066079744
3.073999277057323
17.510940825701475
17.64708276474305
17.500479407417778
12.754019961491519
17.541423299505876
-0.001718266224395426
0.4294425808629545
17.50317564420732
16.49068740334609
17.588076456316557
17.50024498598368
13.74387153639785
-0.007229395198508581
-0.014854673486895079
9.422844991294504
-0.0003214018223632894
2.9700336808096086
-0.0159110717552504
-0.011064834829709205
17.500822744726985
15.002037255718296
11.620520037285653
16.059040831934905
17.50367429528484
17.503437108043812
17.523213367139416
17.524376703460973
17.658767368156266
17.674270505008067
17.654539624265777
17.660600146696005
17.67828078135285
17.675574142886724
17.641859180725454
17.69766469063042
17.655262837854497
17.702991082287106
17.65986055884093
17.644274318722427
17.680503789155164
17.628828746380663
17.650845433691714
17.631742739470273
17.642803829665358
17.646095315155847
17.621050572796594
17.535760738108426
17.554875442437925
-0.016990498218528733
-0.011672643971388475
-0.02100046711492592
-0.01805505989414221
17.519522630565753
17.508646478050128
17.531690016580658
17.523392639915908
17.51677118272565
16.85603165545377
17.50357442898115
17.52577511183749
17.51560317037207
17.541561892473524
17.509558349453247
17.50645774926322
16.870283881591135
17.505633693444945
17.5068667434238
17.503857585521033
16.048239616357915
6.38414279822717
-0.009893278068216842
2.781742354103506
9.52772124327107
17.52109520400031
17.5190138647521
17.622413722204943
17.59554720882353
17.626097287000693
17.651883852960605
17.666287090391997
17.70714556890117
17.650807950622887
17.66277833085906
17.673236338580935
17.67003782666641
17.684646220073628
17.69345631994037
17.68428382907084
17.70529257186447
17.67338847554548
17.684442381618314
17.663290037346112
17.71199850933215
17.67010612719064
17.690601882422428
17.677563574690648
17.539245571257972
17.5438578342079
-0.020516606245532018
-0.016593988649327922
-0.019410227105461877
-0.017630541624751472
-0.012281017894823625
-0.005089857485905061
-0.014610417285008205
0.0025058371965651213
1.368316530159586
-0.016460151472681334
-0.014544229103455321
-0.010522200082533597
-0.014053585961994046
-0.014485995426839033
8.23587824556738
-0.014810770630815059
-0.017599325304825015
-0.011984477396149225
-0.004763362588768507
4.790326656406237
-0.009691624285427799
17.538588457657262
17.572087156442155
17.500895432510656
15.264208156238874
17.50848303629947
0.13901235797469927
-0.0028635500990298796
2.594235170128463
17.51384562420724
17.513901974600913
0.34683396816255235
-0.0019884317278460405
-0.012589972460982661
17.60622241204909
17.596580740720654
3.6933243751487477
-0.015816629422517832
-0.009546869839293903
9.674461947143362
-0.011938505481273882
-0.006939099291918299
-0.003922891239867871
-0.005187320465490597
0.8379503200458404
-0.0014979716780308407
-0.00021285695519126702
3.2059276696081884
-0.00108459014737176
3.5597324836358584
1.2699111167553085
-0.0020306090824123747
-0.0010184241579726033
0.980465744025369
17.505756093978903
1.304664014887051
-0.001531108103596486
9.806976906801836
-0.009654071899349958
-0.006335404621007286
-0.021820149017798746
-0.018006739565414983
17.5355045105228
17.52815254024016
17.551566644144607
17.565652147177133
17.527770967716712
17.515055088543956
17.551046680927154
17.557676727321674
11.223527817932135
17.57411956438163
-0.013750363080522816
-0.018491315775664863
-0.018437339797773313
-0.010722073042373076
-0.020142313483099115
17.585585879642252
-0.006659602986050102
6.970640387529823
-0.016376287218712374
-0.010087360538342242
-0.009589328613567635
-0.00579542349708884
-0.008944294894993472
-0.012383191916183313
-0.007997465310313152
-0.009428264037171619
-0.0158387458117437
17.554309223298347
-0.0026677630789630055
-0.007070815409759871
-0.000583787685621922
1.7554629006096862
9.461953169996631
-0.005266867147249575
-0.012448192513146652
-0.004371542684029863
9.161793603325801
16.796127903285416
17.504143425655514
17.509653484457882
5.173223174817299
1.1575605300295368
-0.001421511480772321
-0.011417165015533396
0.26608340279782494
-0.003656018644957133
-0.014590309719774706
-0.01394089473236537
15.47170496643888
17.501035574163367
0.6538986011618882
-0.001931966760713714
-0.0011070924507528975
1.0290836980806037
17.54707253266981
0.2661493863446836
-0.00369533217342963
-0.0011286104624073114
0.9496292984523131
-0.006719227800476412
17.549475169510462
6.804599479591552
-0.0032670928762986535
17.523251477175066
1.0145938279776534
-0.0011574982221891094
17.5027594332052
17.45863814736494
17.538566916942152
0.9030109270342512
-0.0037460004431280223
7.188496553250983
-0.007826177951794156
17.50260256593605
16.785516772238886
17.500009440248316
14.885167399447527
10.927827657229134
-0.0012040605124590234
1.4872724908645871
4.9462440552458995
-0.0062617159199751474
17.580341496421124
5.992267250670979
17.501540772296757
14.635139808421942
16.814100296432418
17.504837803336052
17.639265552776248
10.937635391019752
11.555833656264577
14.143789838924246
17.50018763462312
-0.00019255985424818244
4.281993294147127
17.50406356823976
17.536574970119844
11.973238095026359
17.508200109644722
13.211827791060658
16.14937884171493
17.501509428756545
17.510148930572687
17.526330161626376
8.295842927254796
17.50233664044629
15.966385084705887
7.322825159269395
17.606475381019685
17.50156107780416
15.086871454573238
17.511208160304868
17.541889138785475
17.64906201625155
-0.0224358233839294
-0.021657691440494835
17.565236851969097
17.574275347817622
17.571507765382954
17.731363559038943
17.57398895823976
17.577941343776637
17.556276584993437
17.5661228354321
17.552123599253946
17.568186069726533
17.60260116883373
17.594198526750002
17.534351321823312
17.549995349662858
-0.008337989062058768
-0.013254092323318286
6.535456765272624
2.5521787839369336
-0.008007007906887208
-0.01421393068392519
-0.016510150001657026
-0.013801891103480715
-0.018635573632971223
-0.014527656052645771
-0.01681889829819073
-0.015882864537474
-0.008047501350196332
-0.013948576118719662
-0.003923984665549077
0.8887183420237975
-0.0029449627799513433
-0.009981956257950625
-0.007542635997880993
12.358778404995771
-0.0010579178226490674
2.9984548870453707
17.51387213017281
17.565567663807983
9.517139676627535
17.515120210496892
-0.021470955052805055
-0.02112691419243647
-0.018146584374974666
-0.017959480378399187
17.582075215043204
17.649126047399356
17.53818552172808
17.531391828541498
17.55533228367168
17.584545087428342
-0.007747425365272916
-0.00560444277367062
0.29645430092431796
-0.003940958839395347
-0.005837519035720038
1.0336391183062588
-0.0010595606038069315
4.407610347925317
-0.0025047912913261747
1.0103560571486083
-0.005040357950040394
16.003858656147298
17.502120270059336
9.735847691660686
10.97793739060994
6.636074830054057
17.503445294599803
17.53194853906505
17.503070392588917
16.465746681685605
17.501260314756237
15.338719186849731
17.507911414563704
17.709058297734757
15.66772684200884
17.501315071700386
6.622787355134498
17.512785184276346
17.531773974373035
17.50925971019603
7.310448576754837
3.3065319487417915
0.18864073010944538
-0.002999228699038095
11.52425442177126
-0.001767913001949525
2.4902785099054983
-0.011874700357250143
-0.0153716961827943
-0.008834448888461516
-0.009403398290071632
-0.016303850328155834
-0.019667406625080572
-0.014741103757886512
-0.018676171755595255
-0.016785734099341393
-0.01325303055491381
4.140855607530321
-0.0007921341303206908
-0.00266107704313737
-0.011228347737467727
-0.008708018928254188
-0.008394163818352134
-0.005136755894659022
-0.010973084614260126
-0.010015376101524587
-0.0010855773558095388
1.221506181021599
1.8745593737056756
-0.00009777074405113717
-0.01151881910311698
-0.012349336016308467
-0.004549997190507721
11.990860939734684
2.771660383039904
-0.0004700557963133955
10.707292796618637
-0.0012883823127731963
2.2565937101431883
6.843470158599468
17.51936752262874
17.5038589785852
16.89121861100112
-0.0008368284688473592
3.0652846555476048
9.565584327013028
-0.004417617275028096
17.54582084418784
17.507086922973286
16.7651061686812
17.50283605817373
17.50020176217221
13.684335376089265
-0.00009703901232193712
4.517315802385661
17.591365515355445
17.578763015506507
17.64681005413916
17.63051425004922
17.53524882545707
17.518076382564715
17.533909420213813
17.55870630192142
17.541366141461676
17.54826628344557
17.572990058816686
17.56390448823201
17.510200478133218
17.503964251058104
16.89470700532474
17.53765252288254
17.716567991590054
17.50688806357653
17.520301372797306
17.584656431921836
17.56485521181155
17.52130121749542
17.523878493703442
17.52799589770855
17.570896985326716
17.535610568421717
9.699881821777835
17.530814287946946
17.565982283035236
17.516999153401954
17.537661851815074
17.553194302156808
17.603696934209207
17.512890874759652
17.54730560843032
17.53593418953336
17.542905725394455
17.52662012313936
17.537776886034557
17.545183638995432
17.569621791299745
17.555190956960715
17.54560013422616
17.57152640659176
17.59218033524831
17.55283250529718
17.59786994704873
17.547153951501834
17.539391527614843
17.56966088939402
17.521387214576976
17.54956548043629
17.56939990999178
17.541154027749915
17.564265645836244
17.59422594086194
17.55941921886917
17.55746478956536
17.563556452190387
17.585312519171534
17.585137897420214
17.536007919041005
17.55044959786824
17.522455268246528
17.530593345786947
17.512695683715233
17.52440336866173
17.52753783880856
17.59642800412072
17.56013402983025
17.681163983016102
17.597200769403795
17.708434701259197
17.60183968308754
17.5583734569271
17.555315954090972
17.57420696983545
17.581667655169582
17.611913321280937
17.56804095214333
17.56568249646802
17.547693790807116
17.56067105243855
17.58873217536834
17.596369990747828
17.620021090398566
17.720984593447206
17.602471136545905
17.611752568160355
17.716384961882895
17.730615555354543
17.618210297530126
17.603870491047353
17.57705142445197
17.578282136621468
-0.016311173760881537
-0.018317550309719474
-0.014520676079964673
-0.011865307136712319
-0.005066951325415752
-0.009672471126472052
9.588245061307767
11.294194462656606
17.517109839492864
17.601306419127262
17.509833402608567
9.742736385127511
-0.00009706547331559385
4.114577660863579
-0.005373060718082244
17.585392921817796
17.62089789972977
17.59708167265544
17.601958768354663
17.606437589269234
17.612893711764457
17.585853104838804
17.615706713334365
17.711166257485036
17.774286209970853
17.606557897795636
17.671118364364258
17.702807536183318
17.63114443795238
17.643070747698832
17.621175390446144
17.657672762167483
17.66736894976189
17.660429509637726
17.644350415497374
17.73112328789452
17.775052767936312
17.66832220736372
17.605502766501456
17.65458514575038
17.67896845936437
17.633196240258407
17.620397556223036
17.771242314361473
17.68285220181715
17.682106595618084
17.680345336926575
17.664822075520444
17.606967215639276
17.51547412464804
17.521484429591105
17.532515771881837
17.515110748685906
17.53818535554312
17.558412952295953
17.52679598694331
17.536784384290584
17.535657074547338
17.53477394522661
17.522098288930888
17.519299891717367
17.520977735287993
17.51816095188917
17.549762424475702
17.54475101199752
17.539535018364717
17.525268652789936
17.545321552766683
17.539181684660104
17.55960505772497
17.609875590019016
17.547372746775117
17.562714453838336
17.555940535502938
17.565253471301908
17.57381871231417
17.563051417687166
17.592678492594832
17.6277873290077
17.548685974698643
17.557387594681675
17.57101361467941
17.564170242765115
17.555891508414504
17.590139468071545
17.563538081318065
17.575165641751767
17.598006872670844
17.664637539059555
17.571150799422465
17.60905105084701
17.580708845862986
17.58718656785469
17.593499591444697
17.569271464889855
17.540274119130768
17.561180379547668
17.564255176386013
17.55360759151632
17.5908303886954
17.576302030711737
17.579460819238353
17.593455537452122
17.580957097226403
17.596599000336212
17.611683485259462
17.592600100341162
17.58623136829268
17.601461799458303
17.61918549698376
17.596686511246258
17.613009091649
17.600643041514182
17.637923001794054
17.642479064314767
17.503848492365478
16.805085498486207
7.219562097318311
17.518855862677206
17.5307218635121
17.511955533902302
17.514342830388195
17.56680498227402
17.540879918018685
17.57340777499945
17.659070990252342
17.579760851385913
17.586000006489634
17.58296023235757
17.60264501144609
17.578508043681133
17.59447783791203
17.60423367011067
17.549540297202086
-0.009088201950915569
-0.000896154464689995
1.9379167189565563
-0.0033326008108975425
-0.005801885108968588
17.503194621923353
17.203871661130556
17.519489065085942
14.901921354886673
17.501534941245154
17.50912212983153
17.528478529220827
17.56059593969026
16.826445492639564
17.505948164001488
17.510869209540086
17.528154674220808
17.600503488421673
17.51992749254659
17.521422862200367
17.527104179372742
17.576569142782233
17.54070766048782
17.537169335016387
17.53614890586934
17.56693004155178
17.526170098588853
17.51854191052823
17.524622989410066
17.5400406058588
9.172611973768673
8.821290758455273
17.523790521299905
17.533674802303246
17.557506761169122
17.563451996141225
17.564942776344086
17.639131928476907
17.533273441885687
17.54949717945133
17.5853884257905
17.5934550912096
17.551278151607974
17.544971256868582
17.540742661165243
17.625705404082318
17.5533062095474
17.556173524347894
17.522269839187864
17.53820797509453
-0.005186484754330388
-0.0006760902898720419
1.7645824398985255
12.945755435104992
-0.00011935398870045696
2.8671673162829228
17.582433710325926
17.594290749060434
17.611744552549258
17.62173240875388
17.53039867745073
17.522636372503584
17.546805759559973
17.52816992397958
17.529868673053283
17.511885336184637
17.523129269880194
17.516961726786985
17.50697985786243
17.507385206539468
17.529424288758474
17.51822016735941
17.543084787119025
17.533390084811018
16.470264206206124
17.503437452936843
17.51213354275509
14.230881209907945
17.50082632253549
17.50719005210856
17.560477652194532
17.621181089866166
17.5617556225123
17.572611594114587
17.634507623223076
17.597221943193436
17.549287485065918
17.54691164076822
17.580530240257275
17.591568557084173
17.611830928852648
17.61447372261356
17.616699252151072
17.604613510196675
17.634250700252785
17.67855407073734
17.642796942988074
17.69627722873633
17.63139819925359
17.620770866000345
17.611566803385227
17.623812519119845
17.63805681784554
17.65310971800199
17.638419037641615
17.614959685680343
17.536837224327723
17.55853045325319
17.50125391056415
15.613871125120326
15.510609323388719
17.50122992841115
17.509978551836536
8.887370326181786
17.55506473407349
17.54432535077513
17.586086387317927
17.563128271782002
17.593800581382617
17.584657463276404
17.54567836398089
17.56998005181804
16.618010975545943
17.501704087787033
17.502080720051175
16.112525420513787
17.507747127173758
17.50513872362705
17.150548934682753
17.50418212289073
17.500428094820023
14.200996388036488
17.501018488964124
13.845402781511021
6.539054031702248
17.51479302768963
17.52758271304531
15.199901394739697
17.501133941841005
17.500370296984926
14.01208581463035
17.50110902512498
15.613132578804255
6.02816545309699
17.507810137839396
17.50529623541863
17.51039020767482
17.151208177918907
17.503815300837328
17.545763350819367
17.634824234717502
17.602219926375223
17.559376787765387
0.000126170785455892
1.6318216306096225
-0.0023649264131578498
17.54887074777282
17.577380477728028
17.593287262923013
17.592531842564966
17.62073674001474
17.620382998757155
17.659515283862625
17.652715465559613
17.586177255013606
17.59552077976541
17.53464685980337
16.81014539825406
17.505503942828344
12.542254546905173
-0.0031057751398501582
17.5668816079632
17.550700251424622
17.58044855527954
17.584025635257966
17.583067631741137
17.57280415568189
17.61035481217371
17.771018388181048
17.588725343136964
17.557821807089553
17.61508521251964
17.6268633340104
17.578576930042882
17.574515947229255
17.600045115787474
17.61199614535829
17.591602724065684
17.57151242969419
17.596051315665015
17.623008292905396
17.646386968695047
17.783508225706257
17.568926999861773
17.535938189232045
17.633447017591767
17.736239322907114
17.628506881001723
17.600013039627083
17.596004524459296
17.60159269177951
17.624255738250834
17.606387355455265
17.729202244856445
17.670711945045028
17.5436388194855
17.512282067748753
-0.00021267017625874846
2.4049647015674025
7.369285548803499
17.509495688480406
11.494248628197314
17.54113892341204
17.63163110190659
17.652797665333775
17.649425791495435
17.581495718920042
17.579050020185647
17.55262793730524
17.56445775770939
17.588513724511646
17.611680738646047
17.57565979296572
17.572603526867653
17.588335177644066
17.57656855942332
17.578168241106493
17.572161506877837
17.606978482264598
17.619418047538264
17.62968880325639
17.593889374947427
17.633752480018327
17.631591250259284
17.631362295943624
17.653707752103557
17.68212400834771
17.659861338794954
17.64427491200482
17.650990747582323
17.66594425881896
17.670833162595162
17.659884666858442
17.65459021396829
17.693269189431206
17.721171696526152
17.67720972199932
17.720623227041084
17.661473125609064
17.688249033928642
17.686767684868244
17.68386588086728
17.731046019627545
17.748056067869307
17.674993056847512
17.672982888342137
17.71968255008052
17.710538152922872
17.67293647312125
17.652088125201114
17.636497112118395
17.668536840807704
17.606449655362955
17.610221784104418
16.25251897156233
17.502952291773386
3.8737317308312176
17.504412924797272
16.682239623155525
8.278428533144877
0.0001521704621468245
1.4491225638846452
1.9648720900598278
-0.0017340105242793602
17.591042076162413
17.62002399269902
17.649487087819445
17.66017609680919
17.55074256326421
17.53146890617768
17.55921536141597
17.550850311975672
17.52495773269973
17.525730461373236
17.521170673607532
17.514983547550962
17.50509043254171
17.516883810947718
17.509975121796916
17.512558455321944
17.520905754784952
17.50694425468908
17.520090897378267
17.516377698458562
17.516904886745017
17.55138694520794
17.51904575826906
17.51610988841452
17.57930890336501
17.528008441271872
17.527458368170237
17.53570049617459
17.552476972788977
17.539507796776835
17.528520629410167
17.542083061919723
17.518152424783757
17.50171432465176
16.393004475144473
17.531461600967113
17.52305169389264
17.531297231447347
17.53898929204327
17.557771446352564
17.54561862511997
17.5631502245982
17.560014171026893
17.55028403704863
17.54084797471573
17.547170590423494
17.607528148781274
17.513888215924243
17.04677362613885
17.505664014574336
17.04548574184498
17.504603603104556
7.5735305160657225
17.52547716455574
17.51230008322628
17.533965562607445
17.524469248870663
17.532909337789132
17.548932448002898
17.530356115096527
17.61484817795973
17.544388185783927
17.56213022455981
17.57216198065803
17.60410450094365
17.561913296345796
17.59406711343918
17.552734684083724
17.564633016811893
17.546043968041467
17.559657086604975
17.572982310107616
17.567816890907746
17.572183751969195
17.60078615844414
17.591779800374674
17.59186274829908
17.584832909634784
17.617432318259535
17.577785404548894
17.594010166742216
17.641001333074122
17.674536653226344
17.608318403358222
17.6095231864029
17.65710884974311
17.635200376927962
17.617163265112787
17.598504660854765
17.595429301794685
17.57662767029776
17.596688770046907
17.592627978273157
17.6115960233528
17.586450332704473
17.625385684469222
17.657244267152947
17.583282734470362
17.569432989936324
17.60160665468967
17.610221095699217
17.600377779029472
17.583438391573463
17.552545488929756
17.568182192097932
17.646455069228505
17.59302650351504
17.61681241702263
17.602081305981404
17.578976140484208
17.56624663638754
17.578748307617083
17.586257829298617
17.64217568841816
17.652402728912172
17.745941429866
17.797420692123612
17.697261836901088
17.662951817830383
17.64094409614856
17.641959940525073
17.656179239857057
17.66013432561954
17.677658843464865
17.678237061076356
17.525200783420146
17.546827699101982
17.50207217766898
14.911686730711981
16.41299576189439
17.50164573627079
17.59655633605113
17.56485697119428
17.620075195505336
17.61359922039053
15.650143517413179
17.501105143679826
17.504347281476925
17.512225410681783
17.51938824465724
17.574151372642053
17.578426812305427
17.509422638241908
17.504194887946436
17.560712968027094
17.55354911468087
17.5624601565461
17.547917067862752
17.576157119828622
17.56371722689702
17.58063347148867
17.612938204392897
17.545550169949294
17.557199630614427
17.601566021768647
17.53506547867247
17.57670532347589
17.59289533744905
17.723342945380626
17.73196002583763
17.69059229421562
17.647524318737393
17.70895315979583
17.700770869912784
17.655771781448188
17.635871510245877
17.535583631431532
17.505805829953047
17.501889352479736
14.559755197179339
6.95292599791413
-0.0033936610765045467
5.995472855053728
11.059884508730887
-0.0007919781164240622
3.8255091128766323
2.4116173793218554
-0.000459310484829374
1.2728321482946454
-0.0004996825333670563
17.500500086475697
15.155249473385869
17.513199958719927
17.607016521616067
17.575428818499326
17.55290950240801
17.51342687138191
17.61717869199536
17.64092881580234
17.695936906281872
17.669885404825127
17.50550668048351
17.513627050938073
17.502271582095545
16.238922996876948
17.509724387747614
17.521257200888815
17.518911272692247
17.558120275895327
17.573214212825377
17.522872961023758
17.533955629714622
17.526213420137278
17.535139087175136
17.514093301937642
17.518663954076068
14.373162719141611
17.500076181710348
17.500507050152745
13.631848757692456
8.037840849881983
17.501505891706472
16.188495442649337
17.57888237011322
17.626066020709775
17.55168861767442
17.545669456530035
17.59327940283875
17.58631711545695
17.5408689825276
17.552477851138292
17.53127014762402
17.55012412045107
17.558235618975917
17.565483813643937
17.549114881570766
17.579973936313486
17.52808149015048
17.631534753194245
17.569475636951523
17.736079660286897
17.543237848760615
17.561873568012096
17.530507692100958
17.532122649381524
17.559541783634106
17.61469350037332
17.51044223715934
17.51900583167666
17.514998878004903
17.53542111070421
17.52100508477331
17.5249627979742
17.514406540578413
17.521806249422145
17.51853873345882
17.5497999035433
16.79104480423546
17.503352550089215
17.55810824868682
17.585064186182365
17.566448308291733
17.587454691698486
17.55495349353417
17.61145026497734
17.56326107622676
17.597191882467573
17.573257966884057
17.642265514949347
17.658452049384902
17.571255199564256
17.52254716390605
17.58887286662932
17.612315209232992
17.57738982032573
17.55783086527343
17.648051239412215
17.643619933774243
17.54831217451882
17.540405113409516
17.6031315676496
17.603716761583364
17.599801758624448
17.537749376897835
17.71568114869422
17.76877230973518
17.762504729650658
17.83639264138929
17.70093109138117
17.683804417990572
17.715574545138516
17.706172886878655
17.693099142877042
17.72354618292071
17.697861793981627
17.715997426464014
17.74203690698198
17.76151227373191
17.756044211027348
17.74224751395729
17.74717042996621
17.733335044892613
17.702500722403983
17.73855580391052
17.69994317753689
17.72543227322443
17.743745439884982
17.80388035170872
17.70777808247126
17.71811542381772
17.73532134377446
17.687139251771864
17.824412371963895
17.77636694810551
17.70535334470942
17.73279660003119
17.748154251185703
17.725016585527094
17.70664701255525
17.726989909156277
17.749629041672282
17.67473204359595
17.693089481300493
17.715418052962928
17.7454103226708
17.762129704799875
17.7495524243275
17.734791116687745
17.76280821030531
17.762645668236622
17.712860149220184
17.715201515203837
17.778073641931666
17.789346684494564
17.63936550089617
17.77705613444676
17.665395355806133
17.679539401699962
17.676452851053376
17.66546578561251
17.68174153644992
17.729788073124034
17.720846084359152
17.68842163976635
17.688752794221443
17.690650616172423
17.6741609791589
17.70666606034788
17.722126643362646
17.672773188080438
17.647861239069893
17.625699623609325
17.593943536648986
17.506144243611327
17.50058493604251
13.180747353977374
17.501394195462044
15.92075666694838
12.699656178389622
16.521378953546982
17.504786564811056
10.947505184607305
17.538376638074592
17.519756811453426
17.57773792816105
17.59364678596823
17.608397328003537
17.61716924227058
17.559471676639266
17.545452410050277
17.559927599719366
17.5521852994547
17.573465766031827
17.510950903379236
17.55919871828843
17.537249309169038
17.60090899306285
17.562278034465653
17.5460672835321
17.532721182831107
17.566148498498546
17.533989688241324
17.522405377749678
17.533416170547056
17.57934089043912
17.566066182190816
17.60854274269625
17.594470064893674
17.559270743776487
17.55210360176304
17.595185853245653
17.569300156780756
17.55762665334621
17.544063783669333
17.570187683348173
17.60111455547451
17.591500338425853
17.59539738393392
17.580659513121454
17.533111113708973
17.564707401696616
17.53533582887907
17.557656415520643
17.548502117548967
17.546200332047725
17.537027510352456
17.542524613890915
17.532707791665086
17.532495944657324
17.532622027940846
17.58646806834305
17.598289242096637
17.70761950059162
17.73583725951514
17.68801792653291
17.7035871736531
17.75804033997295
17.826211432342664
17.6981943177669
17.737517189122173
17.743952844061226
17.76013415493493
17.7216861511641
17.760340696541174
17.792456936148813
17.782171665437723
17.79909084629702
17.768531125633586
17.824908189195934
17.741971882400104
17.687118359897987
17.66012789450766
17.7122326568795
17.752694809077614
17.673264684119193
17.710299681133645
17.64945535874394
17.693319780613844
17.74395271102779
17.734033325691897
17.76104999319986
17.723571305777018
17.774116990289624
17.749701205589474
17.830015946623117
17.847136231433165
17.78809811764088
17.78729674450377
17.86529191304545
17.828631746380474
17.807873339602743
17.74564548676318
17.790961639473846
17.86821374284022
17.869933873696976
17.891807327853844
17.766125319597393
17.758494650806067
17.772968754492535
17.813347410415876
17.7963147510724
17.811423213883433
17.761934249503494
17.695014985111857
17.698236113754017
17.640909578633188
17.617738658935345
17.602570798691197
17.609783221628312
17.57914107793943
17.588508581126497
17.626614215731326
17.601799013232853
17.637445904104275
17.61053054111205
17.664193074508805
17.674997678422432
17.51076405968542
17.524928537778788
17.515017825713446
17.520848538191835
17.614990534822592
17.588028039034292
17.640154346797637
17.714104478177823
17.614865414182884
17.606931912494797
17.67143885056829
17.6127770747301
17.605139999227436
17.58855204771336
17.581102061227813
17.56205828281336
17.635027199673686
17.61749978420591
17.598611262101485
17.537774432217248
17.57589771005809
17.585203921390047
17.57299230814838
17.600590353286055
17.612186438385343
17.612170679739634
17.597727060073403
17.58735503786876
17.628780906109927
17.609840227551924
17.528801650500466
17.53961417858762
17.54346132110882
17.546071401975745
17.563030568963303
17.540405255797726
17.56075384178312
17.546016324577995
17.55523498031741
17.557039220306514
17.5515221754588
17.56424179690449
17.548472527431773
17.57408810298279
17.582362244305546
17.579759230509765
17.524834295203256
17.527593120881996
17.527414368337126
17.536083830784662
17.584397441470966
17.594855885439777
17.57515031130971
17.571311889613956
17.59247825869457
17.60752617126107
17.596264751574132
17.608511582460217
17.61403860846032
17.63332053695712
17.588887293520877
17.61052632435847
17.621864687440294
17.658749665043292
17.625731100201637
17.618261822055594
17.62044638784374
17.68317181798355
17.632719128332834
17.648147282624112
17.625022460831868
17.72287664992261
17.673181550836013
17.656775821809713
17.635051978791857
17.661544681151568
17.709273260211557
17.70608406103827
17.647624903731717
17.729661315706384
17.672989083768
17.676295293243175
17.684838560117708
17.669166337418726
17.655259054806137
17.682428022390887
17.662858065192033
17.65660607535202
17.69829710616157
17.662257083100794
17.727696012512425
17.703405693737707
17.66569536548644
17.605831388532973
17.712447953658117
17.67685649340312
17.695539630626158
17.69920393333939
17.663581439243224
17.675629472793638
17.63774284406591
17.687509939275024
17.718129229330202
17.764252381927864
17.718369574235908
17.687552589792574
17.736237032371807
17.790914905042968
17.805356193796314
17.781194684005477
17.781012474079393
17.77041068827316
17.77965862515841
17.626768576350734
17.627028131904716
17.638825507905736
17.615642919255386
17.574174852827124
17.58863028446383
17.634786342706494
17.593406244878633
17.68335421424831
17.610258116293604
17.627957555825848
17.608141974756073
17.627671878361664
17.61930589857758
17.630340607253938
17.62754231670056
17.576638053627843
17.589015378645392
17.63478231316254
17.61757906760959
17.6592790002559
17.719816994472954
17.63052198031673
17.571325597134717
17.631781783560974
17.6474645746815
17.60864087377104
17.589170889227503
17.616807852247685
17.598238206534923
17.711986148789702
17.680999819554852
17.580002614284325
17.579335925208596
17.60121627944968
17.53552818073735
17.622261465486883
17.618161771752593
17.65318794249769
17.642878569937736
17.678429077867477
17.660270384491177
17.533418925456026
16.58367292056284
17.50263214432804
17.561640956588715
17.546227961479538
17.570822514030176
17.563443004634845
17.539912556465946
17.53629628635882
17.536732180605412
17.513520798600666
17.542208126317448
17.522770293481244
17.55396999819803
17.599284003852816
17.627344472328577
17.579530267480795
17.549551590235943
17.53266660220401
17.55277572676098
17.541501644349037
17.523524915191327
17.531751802356137
17.561210003514276
17.54994725233918
17.57670590612733
17.591272983626844
17.542827881342806
17.561300067591063
17.611594258683613
17.642643174766288
17.623731088627817
17.631459552329975
17.62791951081246
17.659194239401394
17.61504657743489
17.646317994497434
17.634612695220163
17.640791643874838
17.65705537246281
17.666489017358288
17.627839094170007
17.637194188530636
17.633407541447518
17.815473326127858
17.637446806871917
17.66469336300958
17.62034891177621
17.73022442574301
17.682953113509143
17.664244747330926
17.772382780401877
17.70203243938207
17.67907897910586
17.6799945441557
17.667849989146756
17.687643881862073
17.618234676219146
17.62728158064502
17.632788549115975
17.646985264206126
17.69688196041939
17.72193835005875
17.706891336203768
17.718185683502483
17.703924037970957
17.70343527913613
17.689025966673867
17.691454233193173
17.641289182975697
17.637968365702772
17.648969741556595
17.716772955382403
17.65134183537475
17.65318313621208
17.738900017979876
17.743254297245
17.778501847151556
17.741647778569014
17.766355943341914
17.82211117462307
17.828723221772588
17.77321244016115
17.74038234392662
17.756410003260754
17.748297862418166
17.760224174693885
17.734270325763525
17.794589718953706
17.810860256568613
17.819281596221632
17.844625610879042
17.794991696794117
17.819941111043526
17.65128106582363
17.853671426450443
17.787770202670448
17.548479538204734
17.53215968081251
17.523212871454735
17.52010344510601
17.589210890899498
17.587166544774252
17.595861008522608
17.61523025723572
17.608719501255173
17.58813357023687
17.579925184462233
17.59252491431643
17.5542374625198
17.57351664594707
17.59500396324305
17.5737721125709
17.63991559223265
17.632563083930762
17.70044753549791
17.69129053442125
17.72047563135659
17.714029336720444
17.71428967973677
17.715200251776988
17.695849140722604
17.683141657830024
17.75574049521024
17.69040902715891
17.617378522059845
17.616583654835566
17.635832209113897
17.62175198155443
17.6449919527374
17.678375987004227
17.64687428773301
17.64988582451646
17.67904055736359
17.652879491815455
17.701088450927404
17.668397385781244
17.630915686828658
17.603903022551826
17.64588609192437
17.672278863420154
17.595196680469954
17.59083224360951
17.61958407674346
17.62589204546603
17.635573443753017
17.617267785480777
17.693356255939147
17.73560879936149
17.70513293366833
17.72046744897243
17.742467234642028
17.63334237529856
17.646900615705853
17.62435397243042
17.632466255634032
17.637443466826994
17.664921099563763
17.62137747111299
17.596957533759692
17.683524089196297
17.6726114750979
17.59076982122213
17.60398261578621
17.697316804657163
17.663922385288355
17.66672352376737
17.722755963172034
17.8467214871836
17.84764255094497
17.639035989906375
17.649114226230825
17.662378756921424
17.65125301539291
17.682211979696568
17.647070991599552
17.714049259364216
17.719776231216784
17.649698811085596
17.672620711352156
17.637218282563545
17.651654573588143
17.652976521071835
17.68354941488487
17.700897421361255
17.736934650270886
17.66209299403459
17.685321307972444
17.693963983620844
17.647903404846726
17.684924729062413
17.681333131206177
17.69001072033741
17.743614352188004
17.52446249908298
17.50827407851645
17.515776061887234
17.525861866318923
17.5606473763693
17.56044419655218
17.613726924763732
17.600617308782365
17.648428155166386
17.69078381010494
17.608622566825165
17.60969624314454
17.631006756791088
17.653774123745865
17.6358786807455
17.646847775240335
17.611442270679678
17.621785126420118
17.69113551473077
17.67122450044395
17.67082042420164
17.696413914831787
17.815200727817288
17.833618448054878
17.86223332691093
17.867524202014135
17.641364044279342
17.624546304719146
17.611621895718635
17.63096533320179
17.643103794966827
17.659391704886957
17.633385422866898
17.63949889502803
17.72225926991889
17.676506425593033
17.70771803046477
17.659311909468883
17.635294058158603
17.65237434360376
17.657748119960264
17.6613925129719
17.657438694027615
17.63927721763186
17.664050958954885
17.68397152712373
17.644556417155727
17.636912027392988
17.652074153699854
17.632597815067758
17.63416496613402
17.69653307202812
17.63892918735994
17.65989470103721
17.696406083616857
17.662572365369925
17.663889381372975
17.68515251036782
17.73105597888779
17.694674662259597
17.82907074925841
17.82046659910343
17.872108803073637
17.8880030845309
17.843731623742965
17.864590648573074
17.863499857392075
17.89410975752061
17.638566244386443
17.62537675682321
17.681994117064086
17.69851157959685
17.65798964362004
17.669759104850346
17.672751693484457
17.66792646069633
17.680684751442584
17.6481636531259
17.692596858294184
17.725216883505826
17.68328541336803
17.64759238981249
17.691659761163702
17.70681639097332
17.71425229118672
17.763080470534074
17.75043550972725
17.724816123830397
17.697686023820477
17.684653135912374
17.602222050176845
17.618635307322375
17.66174264586177
17.626767434897953
17.614215378577928
17.60828242524367
17.694148371511936
17.71953634046456
17.711240911968368
17.726959164597826
17.707361045080063
17.847286746460483
17.872755519277288
17.665827654814123
17.695442298615884
17.709434825339716
17.711387785819316
17.677844747192513
17.696060432333237
17.729613069342353
17.780802990552058
17.667885316217838
17.679436394035566
17.689384456907646
17.692453795444177
17.63627523550187
17.623080687360343
17.620076874927044
17.598588093745942
17.592360193817647
17.60647899232594
17.624069795103036
17.604679140555405
17.628251546785606
17.612636700770327
17.60364102992321
17.594613510301713
17.638427585269994
17.628133618445542
17.628603207912434
17.592069944457112
17.611042637378706
17.60997349891618
17.618917328197888
17.60236201070517
17.697348170908064
17.706490292016984
17.67090748432319
17.73668244586568
17.711331998202347
17.697050369505302
17.722621512884935
17.731804322033167
17.696104716285934
17.678585271875512
17.767811330875706
17.814746355192852
17.745535223198274
17.72963824538138
17.709154831494832
17.75252565343216
17.70474381120674
17.735462761618095
17.784209553834902
17.775407344873436
17.71775766742608
17.76151122549378
17.5802319953662
17.583570639804385
17.560467071594484
17.54956386546053
17.66069177768366
17.65969589450719
17.766925024620118
17.763168393340752
17.70132450552406
17.70718703869873
17.67904757391429
17.74904175760692
17.726993750274346
17.800445874427623
17.732513545105242
17.775896181544923
17.76255590275519
17.742321322082063
17.70925866136154
17.75070541538808
17.732321249699286
17.75441146695806
17.75394194364825
17.793462500250406
17.763351981885535
17.820348064060454
17.85309216085787
17.74440286020089
17.74458827138541
17.779176476881506
17.791194556945914
17.745546967091624
17.72248542827195
17.776283518324924
17.831922180509718
17.821524262097853
17.75507077528767
17.795908434998257
17.731512607516816
17.718451807976283
17.7348558112275
17.740441184854276
17.70649079890518
17.805142371376164
17.811663512536516
17.75804317245832
17.805779341648122
17.815606685685662
17.774560190398102
17.805134530475186
17.783419463096266
17.807655898071612
17.85400809418501
17.790200762503307
17.729678716040436
17.789398452082636
17.71887512593589
17.795885496473115
17.77193671898364
17.818988589222283
17.81689413675071
17.762438566155495
17.717944592627514
17.596820031206203
17.57137597471232
17.566862956549837
17.559721668873934
17.56938327214072
17.54208524871418
17.561950967362943
17.55131697754018
17.544152885527716
17.551806387336278
17.649659653175686
17.65011258822108
17.634560918050138
17.661435139715433
17.62800786641631
17.70524534438115
17.656391034598794
17.69785204243695
17.72134424185217
17.695102706492612
17.69687537986299
17.70321516920383
17.83832683994337
17.828530318107262
17.80027602708636
17.8298649010557
17.798204170873458
17.763779131806693
17.738410739905323
17.7372167813372
17.730778971032993
17.752574123182672
17.750652995429395
17.749728449727435
17.710212256155963
17.764234069740358
17.728955093940925
17.596071314559538
17.587067009931076
17.71939117845186
17.71495505772331
17.710945327306
17.69298691123907
17.70853390361463
17.733770897490768
17.685026823823904
17.682047373251137
17.669281630972026
17.68137171757579
17.686304458227642
17.71253846765049
17.651613226449488
17.614097405836553
17.705772387590223
17.701620997817507
17.671371430109385
17.63004169626398
17.69619251128839
17.72039502936707
17.672618727552347
17.630935333554472
17.692876169592367
17.68971644636463
17.685556492928516
17.686177070238937
17.649873218130143
17.6741664219045
17.654305769214538
17.66409007294079
17.649477663737454
17.69906340367506
17.645212934497664
17.70322207653553
17.63712945947502
17.61651839511925
17.70510459560754
17.685318288491672
17.64486024994316
17.662314637732607
17.630453472384236
17.6606369020288
17.668216906519213
17.630248299709837
17.65829536833301
17.86104151600605
17.845370027728038
17.83330098906159
17.88604452061199
17.75993421434247
17.865606322372628
17.799937326587706
17.77238961200762
17.757029131216374
17.699919131972532
17.635161640587224
17.64425690997218
17.691321241578933
17.681809536695322
17.669025280326657
17.66401339305322
17.663532580859933
17.644100934656464
17.772852265918942
17.752605988904314
17.78654821434897
17.775616986917917
17.74050168266334
17.73475050934614
17.774923109389707
17.735547975109043
17.644807059197728
17.65176446067795
17.728793269392945
17.713022587900593
17.67098908138257
17.698436590824613
17.678613959483066
17.68922422517906
17.711276409922398
17.719390126125532
17.691928363215563
17.704554455749527
17.713138706179517
17.706151684375445
17.78383348705938
17.71589536660034
17.75627815669689
17.580993757358698
17.720975448893
17.596177371342936
17.54705422735459
17.534589400963455
17.518375883599056
17.53466998968401
17.514810398683228
17.524132831224954
17.52724315066366
17.530646664485005
17.517417467144828
17.51709601076344
17.506422149125232
17.509659947472915
17.522163292690408
17.53371037545147
17.595414214544476
17.579990368060145
17.5693681548565
17.580583182271198
-0.021473709333568125
-0.020147932208682832
2.4806122720644677
17.500481241191476
11.861925077955593
17.500495192858512
15.620550621437243
17.70251655731635
8.275160673140798
8.05529300593982
3.6150407883425286
-0.008495640208936351
-0.006175433370988228
-0.019816633944853588
-0.020779518865902173
17.57685271261782
17.591387041758228
17.569719880435635
17.571616463554697
17.516379290241094
17.51460368432196
17.519751265837343
17.523690223066197
17.516200569215588
17.50827629624606
17.626418908935182
17.63085352152418
17.555639201004045
17.55271635614588
17.614011673694467
17.632364198296315
6.8054844609711695
13.597561076434575
17.501101290233006
17.578161691102714
17.588519447412036
17.608758679742373
17.605687864381785
17.585666480918043
17.590157696497876
17.637351842800264
17.62323833127521
17.660320292002524
17.64677761197776
17.64418901896475
17.64090125999668
17.6754436451522
17.645788129185448
17.70951209784769
17.657068266264442
17.716553882187416
17.681750916468857
17.70136869253818
17.664267293313184
17.626628455791035
17.66501041726391
17.6441573641097
17.60143415075687
17.628970430688323
17.619062423573613
17.622014518742628
17.606040629890906
17.659198308015867
17.627638610108217
17.67987108983823
17.632785646605534
17.65437969811898
17.63734256981944
17.602456280803864
17.613814081919987
17.69106913543217
17.682148925008622
17.636156898361534
17.626621201299532
17.678371444524313
17.66583687216683
17.710845865858104
17.695070403368085
17.671878622067617
17.637420574941295
17.72271841002738
17.714006994298582
17.708280452931536
17.686540538218168
17.694210857572134
17.655044462034958
17.64014347318026
17.69995386989085
17.66085409362256
17.65654810678095
17.67223251098578
17.63850918525145
17.576121532516925
17.578425026007654
17.549365270756315
17.557108258076955
17.664284146324437
17.65862920205311
17.51329140976044
17.522148828979844
17.570950778658254
17.59345886035589
17.601532494436785
17.608526835411283
17.630751356329814
17.635112928976444
17.599299939967455
17.67252149385244
17.617424798940522
17.61947428146345
17.591840651150413
17.63923361786056
17.611984922828242
17.643700021774016
17.61181125693082
17.62057173694143
17.656179027272906
17.655618038349147
17.57694516235048
17.596978647424983
17.6206752666308
17.70836586444637
17.585012150083177
17.586816470568852
17.58443369581415
17.565741735852505
17.702641715257382
17.58674283507389
17.62981651937841
17.65127560160219
17.619689492816324
17.633842939208947
17.661746862057765
17.694585943884146
17.56600862179415
17.600222555277558
17.63911164789203
17.711465084623274
17.67745314389097
17.673296751382136
17.54584411668358
17.581098718385622
17.61300625355691
17.690911676306094
17.656879889325953
17.68603519885195
17.632344899374225
17.686209197586823
17.743451497139883
17.66858292714625
17.68081206197537
17.662209256978528
17.720648298957325
17.671226963747255
17.66401314759256
17.644749274386893
17.681920486165343
17.736519738797366
17.757718305207884
17.692274149786222
17.68264099749961
17.731303127305665
17.696196907342017
17.702908822869098
17.669299269388148
17.654291925938175
17.712922254898498
17.705172476678793
17.645254393629372
17.632056802433286
17.665733798805025
17.641439494273172
17.65379492654217
17.633851074614743
17.632575723372025
17.608343817711525
17.735885979523626
17.692786915871565
17.64208121742614
17.620636426752466
17.654593601997714
17.706937209326654
17.66278664884653
17.61225080099453
17.663972331917662
17.65304535159281
17.681202422030523
17.72639221732841
17.72682798957929
17.68371904630751
17.64317965130742
17.64549736501321
17.55130969732253
17.562918501427877
17.59422639838003
17.618819760493164
17.626028600223403
17.61534502297968
17.785825443891653
17.714750691870194
17.685380568548013
17.673836403034908
17.551144669431103
17.556919895569667
17.537164606054297
17.534603909763526
17.549563311556334
17.556733142440713
17.571249618627885
17.56932031406974
17.541678632216914
17.562477975901253
17.52594014154385
17.538977694191626
17.59723359137082
17.64826996223378
17.518469335113426
17.546927454604784
17.528352944582206
17.53310247120433
17.529494430732864
17.51505354371464
17.532590168416874
17.58491385003655
17.50929112886661
17.51254199003122
17.594357268602987
17.599210536223016
17.630231958101028
17.671342362218127
17.586041866208156
17.612425867505827
17.655745210951274
17.701593434927336
17.610285197591324
17.632926612267035
17.642443576247413
17.6586484628065
17.63995508368269
17.65261569670823
17.61551052451397
17.60559777334322
17.651545182901458
17.653196376660727
17.630916573359652
17.63848447208305
17.661692579538933
17.642458156181483
17.726559022586297
17.72893598769979
17.72948293120245
17.773652548157646
17.75220958910946
17.80345162022203
17.718982484064306
17.75521381293941
17.773991941233728
17.749747525923297
17.52323086957798
17.538311343605525
17.506515361236648
17.501328476662763
15.567307838771876
11.233484148366092
17.500415104803416
14.94751754296593
14.691307364839748
17.50041610404982
17.505948028651037
17.51133858051702
17.508089422214752
17.51534494895408
17.52636249109605
16.51987661156034
17.506302264343592
17.52455612691966
17.52411815579122
17.522175176860603
17.508774400966935
17.51854301543612
17.529364239776903
17.533518927241044
17.519895508122552
17.517857483357336
17.61904402535212
17.6946560568129
17.658157495967508
17.711738871909333
17.772125368835173
17.731660679575434
17.79261540944346
17.70071054185701
17.706048495360143
17.709304784108628
17.698165568520356
17.733321369578434
17.702448007047185
17.7266904356674
17.517453482698432
17.745677806994998
17.525685768787895
17.531929985287828
17.52829851414888
17.63885798674372
17.664691574322397
17.66035198341472
17.696593460937702
17.6771417188996
17.70594490490557
17.64301001294054
17.65060939694025
17.62258811361277
17.695340257951116
17.66116374818195
17.668928096124294
17.681077546829705
17.659051147834226
17.69035695297807
17.704884998465584
17.75848081981637
17.748508801628553
17.802019223344587
17.758872950013192
17.748020062272094
17.722027045626923
17.828071269383905
17.786635198670588
17.77274974069343
17.83113343603173
17.714081816965404
17.711334599684964
17.70928548142513
17.8640554827595
17.75542913598126
17.755543594906317
17.734794288588862
17.67890593615501
17.699439750194006
17.771277488869305
17.780487288385025
17.771512318993878
17.677212691794878
17.77808290541938
17.793857437691308
17.825837476551285
17.807389373635303
17.746644533983375
17.711698438004664
17.897406920258387
17.811479164088514
17.701083000160438
17.685718204908966
17.680474181529114
17.722401562526002
17.69720395226254
17.672618822489625
17.67999470589406
17.657124222456986
17.70220307388809
17.703818743684025
17.682831856753914
17.685985415573796
17.689622228042733
17.70942958825253
17.72348022205245
17.703440068234084
17.696462642117805
17.667431658659606
17.67118551785197
17.656912197877187
17.644964762078402
17.665975294181592
17.687984286226513
17.868034883782347
17.84451842446623
17.801643737945017
17.87251702264102
17.859550459297456
17.83592298513511
17.814310209544693
17.855897628580475
17.80435319625091
17.877329574711467
17.829701448837778
17.786244936152666
17.77976107591071
17.885744040828495
17.86264686929275
17.896853940227594
17.847900054468255
17.926268806061845
17.9010472322548
17.873061259094264
17.71279662297145
17.702586283943067
17.663051112990164
17.680611843517045
17.687149435933687
17.647006419185075
17.6735723603667
17.716843779119827
17.705064268594374
17.71515731794916
17.693994349108653
17.680825278291508
17.67550779860716
17.671194917305197
17.68157277785888
17.806245924996432
17.734227869579417
17.676754159159582
17.918033501160252
17.947664744924797
17.68891708415311
17.707988767873196
17.827879940790567
17.64072628858396
17.663544867913284
17.90802195247635
17.917290409881115
17.88268028616279
17.88257191533937
17.849457178943474
17.90229301546814
17.847536438389085
17.80477753064172
17.854827723849418
17.81506218645889
17.83973912778083
17.7239953310541
17.819685162817805
17.613539114823837
17.625678367384424
17.656944027302938
17.706682981987818
17.82190718814478
17.707717157265105
17.73253039762478
17.768518162089155
17.66150515754909
17.640908332874048
17.651817040532976
17.646557195868525
17.61218470982647
17.625494873256724
17.583489094494297
17.610334400670844
17.645099032355652
17.67789317432601
17.62325863713524
17.591575133399687
17.627291840808
17.59606398567958
17.61373075239599
17.62212805549763
17.67533402329518
17.69634941091617
17.668059440450108
17.68251077621469
17.663821153121887
17.686619841021447
17.678939221168715
17.71074555350279
17.712352262551512
17.722651671998005
17.70151313215808
17.702990784200328
17.688299422197208
17.691072182025135
17.68594583463801
17.67079538223329
17.706758735165813
17.72537475098126
17.736713441649215
17.728603764303536
17.68675746796357
17.709917694097186
17.708203669896267
17.72573117496613
17.73689414215179
17.74945469754998
17.807396548353942
17.727142012442314
17.755136666814703
17.639834013060717
17.6302200874878
17.62949384274343
17.610699580406937
17.567461204677592
17.607199686615992
17.73160951708521
17.72708164375987
17.755605240165863
17.787813468380666
17.749896102297743
17.705953859635667
17.756366245396855
17.782720156297927
17.83414670968174
17.796817129117862
17.81519984048328
17.749646046837345
17.787497032204893
17.77438998262415
17.60131383816009
17.59911029971814
17.60049677852649
17.586944082186275
17.594056859583283
17.60730584466352
17.579435146231383
17.560842639491074
17.551564332379638
17.550751383625215
17.590240836166764
17.573471432702
17.67496160323128
17.705082539117328
17.734586704471273
17.70874004144398
17.659025286405228
17.673354304867853
17.80114422712894
17.731304287582144
17.74700714348921
17.774004484121658
17.78675202671438
17.83143293268818
17.792507311817644
17.545426155970606
17.559226354393726
17.55057795519012
17.5652510962972
17.558804930566215
17.576590889533964
17.69001553813319
17.696673497772846
17.720954825698033
17.727466695778304
17.720714557748234
17.778697587649713
17.734137219280164
17.711218787079165
17.74973878346432
17.75622433540014
17.757856578301624
17.801235437219958
17.755709255305796
17.771692994979986
17.783886311148994
17.74609253402837
17.776961651834302
17.761215354286588
17.548648158916272
17.56784888680608
17.584701781424002
17.580203407504836
17.588791683234057
17.601584816547373
17.58339549001879
17.605342826896585
17.573933771492122
17.58143388902252
17.593554592881453
17.594440157790064
17.78700395168719
17.773956570291226
17.75907680790634
17.802544528684056
17.78481081706301
17.562178829209998
17.566737804846657
17.746140999023655
17.743014521250018
17.735486260307603
17.75431205343165
17.71828702241135
17.73526187063532
17.71262816258962
17.703476949567097
17.72337804415313
17.726628487252604
17.71919917461049
17.543864206232218
17.790456178895703
17.5419495424065
17.537088490305617
17.525308573021796
17.795156371391904
17.79707763211136
17.782030634324517
17.814062958105453
17.770980282518032
17.80917034948741
17.79539030383096
17.81716501069875
17.81252445084934
17.59512884996976
17.58108504526473
17.563730906301497
17.57789687771505
17.5879733093742
17.57684774962241
17.610472245497327
17.628285540260485
17.605492743714063
17.593754743833966
17.613269772451268
17.59931053784836
17.65694210960763
17.67778285697512
17.7926260559708
17.80500129695126
17.566313037926516
17.58263718035644
17.704008633520885
17.684048506018502
17.66227913172876
17.679479761123687
17.66907131443454
17.7044442606927
17.69634430567932
17.693278148745534
17.678963000563208
17.703288209742162
17.70342814557123
17.68055881626373
17.718266901066585
17.74082147819838
17.742556879408937
17.73792945825466
17.730552118431433
17.81386892285957
17.838347227797474
17.139337697046184
17.50360942722059
17.511781128877107
17.126191424559437
17.50252230042217
17.51226809371333
17.707713392985863
17.701488748956226
17.703138130511384
17.67745077923163
17.885346123767327
17.90506537042677
17.843205429987098
17.90084577346535
17.844630752535156
17.858914190351186
17.883720620728127
17.94566477630748
17.919477540876898
17.901280428227178
17.846694786952035
17.92282851283757
17.897236398181224
17.626821576256894
17.92955580564434
17.6498261652422
17.62245365026572
17.63861750592524
17.63903081563729
17.658641976097137
17.672417561124107
17.688328028237066
17.705285477114863
17.697117672267563
17.730091702669856
17.751204875075874
17.746564473965964
17.75218772934803
17.7372144123262
17.76805451856979
17.724804121724418
17.698210972011765
17.673843185678646
17.743109121190823
17.763500203131418
17.685903781054275
17.67403842158227
17.643529201684405
17.654901571427693
17.696595526254214
17.71575142769543
17.68699213295275
17.64900536651207
17.665862692223048
17.75554245863988
17.784080669466572
17.802980644670015
17.785556511586464
17.74573846680049
17.760210871668804
17.77157409661533
17.834033906677266
17.81396059765536
17.806244695198288
17.865585145657086
17.83755755918177
17.851187317256763
17.84889892271131
17.838846856100876
17.89416713950578
17.872657269917827
17.881277203853312
17.850666646138823
17.837441219449197
17.810945326312616
17.867467392224714
17.828415004761002
17.899071387532775
17.876943542702598
17.79776770776475
17.82529344969552
17.925110223633997
17.86071232732658
17.892835931717162
17.86573897803439
17.84128527653904
17.917198694872862
17.947664744924825
17.81811426196589
17.856236019183562
17.853507004705715
17.783176326300357
17.777411480991248
17.90175683285016
17.915291600130583
17.67654402888236
17.65669546144172
17.630153474735188
17.703844356162335
17.623849882615374
17.618425608248113
17.61864002905405
17.6125472320984
17.63137884838312
17.882548110188228
17.897201228413927
17.88452006876083
17.69582540467304
17.705326596006678
17.66380493181444
17.688379635507268
17.597160856519043
17.58822807615563
17.582185964566428
17.595577959571113
17.633064334400398
17.60622162630275
17.61513278855233
17.628512276861205
17.61489887281755
17.602022484539702
17.681696545966773
17.6816628764077
17.678245247306155
17.660510798410645
17.659775106102675
17.673135350956755
17.669489997260857
17.70408818583422
17.700928449069373
17.69558674126684
17.694813550609663
17.7021248216812
17.622668719827598
17.65283824441293
17.65538683744299
17.66313286491863
17.646743455936416
17.64646827794788
17.62441217217468
17.57736895706459
17.565232118640136
17.815990871491096
17.81798935381993
17.88480452580353
17.842757987843335
17.660901356779625
17.86079933395296
17.700966754203137
17.641745346054115
17.636127853020426
17.607442596964294
17.637531917509182
17.61928376521216
17.66585845276156
17.654026035154022
17.667944334266018
17.665169876251056
17.673760547145015
17.692659344102005
17.75529000460006
17.768709876041004
17.539122006452622
17.549831795613475
17.55181430584484
17.56125836695111
17.685602051286
17.676492793823176
17.71156287035869
17.693655147415793
17.653161320577777
17.666502917912506
17.65159952163445
17.649103761138257
17.62064765037199
17.6254118532601
17.63466097953288
17.63599102732802