17.769497974537025
17.90010416666665
17.848610839843733
17.851215006510394
17.772773527922446
17.86364583333332
17.821364293981457
17.819802246093737
17.651748999090902
17.60141640480175
17.621638289006434
17.698549296545096
17.525593627917548
17.622860615397123
17.725716552734358
17.649868268912478
17.662225002160163
17.619073388780922
17.643857597638878
17.68830759684243
17.73325665509258
17.86260319383494
17.716542623662033
17.680302795628222
17.652328588772594
17.721490025568635
17.578975887139137
17.753369659697366
17.715751931879815
17.900104166666647
17.513188529597954
16.64382716899211
17.62835460685796
17.878083770631164
17.572095808422347
17.61776660267095
17.718026298516055
17.683600575289248
17.678596581886957
17.619021439295093
17.58886889750784
17.543703383024734
17.591365001637854
17.668976158048018
17.694802754720037
17.769082031249983
-0.000053708343296897353
10.327942609029193
17.50064608929242
17.601208641491446
17.6074906438811
17.52006525430481
17.61602366790695
17.556150123143702
17.67468611659606
17.860338276053763
17.66300756259827
-0.0021492593945220545
4.35132820485472
17.693882235887845
-0.010909204170566955
17.659043989543772
17.64632982654586
17.65181501750072
17.560058655947
17.8097540509259
17.541466318897836
17.73619271654085
17.67496812170386
17.55080917303676
17.598663417983907
17.704684652337026
17.645148704807248
17.52943134632576
16.660673130966394
17.517039621558762
17.57994337573813
17.628743839471944
17.55882627546578
17.628193819174406
17.645122626965613
17.72572028488893
17.586548459861714
17.54609749887084
14.958080274451797
17.513592594106004
17.55051719340606
17.59271842769171
17.709991538964935
17.701775119700255
17.68677243736124
17.643260076046545
17.70130333236676
17.579340609301905
17.675183724518682
17.607925195281105
17.64382186351836
17.51720261213171
17.615036291156358
17.581381265895452
17.668578956469457
17.60739649925233
17.595966085849916
17.539271198473948
17.585530305750545
17.50455821494016
13.870317656711343
-0.0019274099587744116
5.269155070155461
17.546830190895385
17.530784738229524
17.534791284827527
17.519394143488878
15.036690144416225
17.50085190756681
-0.000053582342363492485
8.01961170986968
17.56101285742247
17.51677028962095
17.56110156396559
17.543846374696678
17.638418436355085
17.527661385516947
17.763623565947352
1.4425442252332292
-0.002707350828674799
13.955396050942603
17.50471137318097
17.537407968720625
17.552918084124606
15.01640823072234
17.51681183344354
-0.012916630308765867
12.229491191321548
17.505105844528366
17.54932315220062
0.7215951048310284
-0.008599385058717634
17.554259437466772
17.574665180428124
3.2392187557959744
-0.005093553138032474
-0.01648347172835324
-0.01547219680952676
-0.02116437477672681
6.049305315618051
-0.0003806447145514935
-0.01662769598810024
11.30338921750812
17.502144505437325
1.6042924884460008
-0.0047470964681706005
-0.02008999290785776
12.503064234718227
17.501353319554934
17.56658619847225
17.750608933661987
2.2794789303054186
-0.0011189990512716326
-0.001100349363030925
4.678939222271428
-0.005197559500508324
1.531356281619816
17.532859334588487
4.472788125987188
0.003916447342837478
-0.019095252080679786
12.077704336666143
17.508165438576555
-0.002254027348914968
4.664237887180926
17.531843674825907
17.54560621971566
-0.014543438446813889
-0.02088708066273389
-0.016310749636787945
5.9480343234374065
-0.0003766370207725845
17.59278538381552
17.569380164495147
16.669075120755565
17.504334985070415
16.891515092245804
17.517203973769632
-0.010464130213348034
-0.02116717028141348
17.50047282344358
7.127170306985661
-0.0019456610659998599
17.56541325131903
15.814955629981476
17.515521058032633
16.880102075348713
17.514175890993272
17.64673743220757
17.621865531739026
17.703293278955595
17.547981155966635
17.602636678961467
17.61066054609417
-0.00048688175129339933
2.773604752700113
-0.00360795768130193
3.903946270114791
-0.012537402086014802
17.47126640153049
17.510330355195762
-0.011952141843940674
17.500464103192964
-0.0023239528471288313
8.085252476080303
17.50800387607125
15.461672045434296
17.583375174749452
17.543366503171374
-0.0015249891946961635
8.025191710931539
12.855011518096484
17.497716257164146
17.52425859033623
17.605834243520658
17.505951801179233
15.550163578420257
17.582728373511753
17.52093840121008
17.51887788955536
17.53715566779595
17.501884349117798
14.270113372702978
17.760396165752244
17.522867493856943
17.578401451833173
17.561186469202642
17.696685267782726
17.571233164461493
17.646028764168726
17.68868961142588
17.541498763538872
17.633231129722176
17.67850562447195
-0.00022108641664774032
8.751351683218507
17.502731329340275
17.540528957744655
17.55051419886647
17.770886270894717
17.610561369841697
17.67710366342799
17.59241138306666
-0.010792504897372827
14.502101226333604
17.505156668041376
17.63387041721992
17.559208939693654
17.550284168010347
17.589271831968244
17.650347049240306
17.685880527492554
17.603376859248534
17.587586635709588
17.572080034135
17.571046628709116
17.580601251058397
17.625644686445582
17.65303397893748
17.608757536749707
17.641019023852742
17.556078711447114
17.735047754282586
17.644403583603825
17.648324141817394
17.576037403274047
17.741653975838958
17.68594230475533
12.969078525189866
17.505608283583687
12.201440558800014
17.503167030355588
-0.01967877267240516
-0.010317901384068844
17.527212662010637
17.55720668176612
17.597915613161454
17.551626960467
17.66152281153564
17.7032563306832
17.576696534368704
17.58795587687504
17.6332445048797
17.59375009355866
17.72244750639869
17.751738876773075
15.953349792911723
17.50936199903774
17.520231679613698
17.50609315493506
14.604517250624646
17.53594649669314
17.518706293996402
17.51852504091272
17.52673302520583
17.710369099879784
17.51592513769743
17.56945281681183
17.684841539167838
17.56148308998164
-0.00030700555550244873
17.500928543495924
10.855913144813233
17.563460915318732
17.502493880614843
11.206910808499417
11.557444248353118
17.5043135265049
17.58592641648704
17.680539625371107
17.567573508261688
17.586798946288933
17.610498303417288
17.594674891639606
17.684717256065955
17.763440373665233
17.618367280570606
17.727723096930735
17.630315435170623
17.668288202716937
17.640502860868107
17.72442643894331
17.652085952775963
17.73453882256606
17.771478516201228
17.65871893450336
0.7314675931091209
-0.008617327239293064
-0.015119633741212883
17.622968313284318
17.669555210796023
-0.0019664986924185506
3.9545295950278163
17.502661670938483
7.609411510333055
-0.00024590402626147815
0.7298127662840974
-0.008533907112265999
17.519713830069385
17.608519205016997
17.56425365934533
17.628230563561313
17.63807007135971
17.700075220419556
17.692940634959704
17.68674437440904
17.81399227279865
17.719087909422566
17.702728137003383
17.633027321178876
17.505386424321863
15.280482082203132
17.5315475699213
17.551085242742175
17.534086767514605
17.596435554881506
17.667629060920397
17.557963527155955
17.595041268422666
17.541856330150058
17.754094094852512
17.641721214348138
17.587407442053713
17.731379565242328
17.80361761060712
17.76541682799263
17.919635416666555
17.798633287417115
17.760986179766284
17.691350153950548
17.679436367427325
17.7341382783352
17.695243183924948
17.73335469335646
17.701549878627407
17.618811803006864
17.630631666761012
17.638111065902923
17.620846487204176
17.67395385013022
17.742574009388274
17.63759943647205
17.61831167117092
17.697171349101737
17.692272383789327
17.789577317605307
17.823399914950574
17.767678478674103
17.74442337255723
17.62286025318736
17.81312165849078
17.67341919070633
17.635378036908577
17.714076237725244
17.687028562872587
17.67440050178603
17.65707893699914
17.54629524109734
17.68377835952748
17.70673127453094
17.657929298303635
17.618518853210624
17.628101994858753
17.712031183273172
17.586388795926567
17.724168210344487
17.694638444966273
17.669544624879297
17.804054449330433
17.761342858431284
17.669616183059176
17.740852139336067
17.794619624727986
17.583571205058366
17.6826373856066
17.720243017424842
17.605233495537703
17.65442890006823
17.63277564287953
17.67881740403117
17.673274282144785
17.814715849021912
17.57848588460007
17.581827580507543
17.535751414534854
17.57119277643649
17.569918475449608
17.613312761791885
17.52950301819898
17.562371983633064
17.50264326004827
10.676433893316318
17.537421883196643
-0.008271297146511388
1.6411094748214903
16.00304145716911
17.516831778541448
3.5797963513111135
-0.001518978803665161
4.191981612491843
-0.002277627175822258
9.195080331167377
17.50634969605945
13.143834975944927
17.508348212972844
17.61682179834756
17.709363028711213
17.77596340154126
17.694514974152547
17.814112362702247
17.757643174760616
17.919635416666637
17.727968016484226
17.845903186228945
17.84081175470103
17.861282085009474
17.74376713870469
17.78125258592637
17.806247920283543
17.78350667317706
17.70117702307611
17.73100626627602
17.700289093978043
17.66195541870005
17.689364569998958
17.695118668519612
17.57242079620436
17.619125066014348
17.666963338975346
17.70114352731964
17.63422482361072
17.730567821934496
17.686445560745877
17.809564612761854
17.667603796358204
17.659816723738842
17.6487206671864
17.713007635163557
17.72070717298849
17.764032519050783
17.729710516725984
17.91963541666661
17.817418844649875
17.66474778443074
17.671993366991195
17.70260845176357
17.6902501221809
17.658031556818546
17.71209247761217
17.64473593543163
17.67067726206653
17.71379780087571
17.621624379985043
17.69713185374788
17.57561944394966
17.599814731208422
17.634108516547872
17.795583651411288
17.847172381817526
17.803624691948045
17.795339663526452
17.78813472702317
17.862603193834875
17.879511967178846
17.755899919320107
17.52367717297445
15.966963135152264
17.512595329911026
17.545861984458377
17.572990925333986
17.612639394293204
17.841265862448715
17.877207149449557
17.622087960717618
17.788407993641776
17.76298372302557
17.74155498241904
17.726866396905336
17.689536726068756